,,,,,,,Playing Time,Playing Time,Playing Time,Playing Time,Performance,Performance,Performance,Performance,Performance,Performance,Performance,Per 90 Minutes,Per 90 Minutes,Per 90 Minutes,Per 90 Minutes,Per 90 Minutes,Expected,Expected,Expected,Expected,Per 90 Minutes,Per 90 Minutes,Per 90 Minutes,Per 90 Minutes,Per 90 Minutes,
Rk,Player,Nation,Pos,Squad,Age,Born,MP,Starts,Min,90s,Gls,Ast,G-PK,PK,PKatt,CrdY,CrdR,Gls,Ast,G+A,G-PK,G+A-PK,xG,npxG,xA,npxG+xA,xG,xA,xG+xA,npxG,npxG+xA,Matches
1,Dickson Abiama\cadd666a,ng NGA,FW,Greuther Fürth,22,1998,24,5,726,8.1,0,1,0,0,0,3,0,0.00,0.12,0.12,0.00,0.12,2.2,2.2,1.1,3.3,0.27,0.14,0.41,0.27,0.41,Matches
2,Ragnar Ache\dc38e3bc,de GER,MFFW,Eint Frankfurt,23,1998,13,1,259,2.9,0,1,0,0,0,0,0,0.00,0.35,0.35,0.00,0.35,0.5,0.5,0.3,0.8,0.19,0.10,0.29,0.19,0.29,Matches
3,Tyler Adams\2b09d998,us USA,MF,RB Leipzig,22,1999,24,12,1351,15.0,0,1,0,0,0,5,0,0.00,0.07,0.07,0.00,0.07,0.2,0.2,0.8,1.0,0.01,0.05,0.07,0.01,0.07,Matches
4,Sargis Adamyan\22919e97,am ARM,FWMF,Hoffenheim,28,1993,13,2,331,3.7,1,0,1,0,0,0,0,0.27,0.00,0.27,0.27,0.27,0.5,0.5,0.7,1.2,0.14,0.19,0.32,0.14,0.32,Matches
5,Amine Adli\dcfb17f4,fr FRA,FWMF,Leverkusen,21,2000,25,13,1256,14.0,3,2,3,0,0,3,0,0.21,0.14,0.36,0.21,0.36,4.5,4.5,1.8,6.3,0.32,0.13,0.45,0.32,0.45,Matches
6,Naouirou Ahamada\a6c58494,fr FRA,MF,Stuttgart,19,2002,3,0,61,0.7,0,0,0,0,0,0,0,0.00,0.00,0.00,0.00,0.00,0.0,0.0,0.0,0.0,0.00,0.00,0.00,0.00,0.00,Matches
7,Manuel Akanji\89ac64a6,ch SUI,DF,Dortmund,26,1995,26,25,2261,25.1,1,0,1,0,0,3,0,0.04,0.00,0.04,0.04,0.04,1.8,1.8,0.1,2.0,0.07,0.00,0.08,0.07,0.08,Matches
8,Kevin Akpoguma\6ec6fde0,ng NGA,DF,Hoffenheim,26,1995,26,19,1527,17.0,2,2,2,0,0,5,0,0.12,0.12,0.24,0.12,0.24,1.2,1.2,2.1,3.3,0.07,0.12,0.19,0.07,0.19,Matches
9,Lucas Alario\834d0be5,ar ARG,FW,Leverkusen,28,1992,27,5,655,7.3,6,0,6,0,1,2,0,0.82,0.00,0.82,0.82,0.82,6.5,5.8,1.1,6.9,0.90,0.16,1.05,0.79,0.95,Matches
10,Nadiem Amiri\555d5edd,de GER,MFFW,Leverkusen,24,1996,13,3,369,4.1,1,0,1,0,0,0,0,0.24,0.00,0.24,0.24,0.24,0.5,0.5,0.2,0.6,0.11,0.05,0.16,0.11,0.16,Matches
11,Sebastian Andersson\b4cf5806,se SWE,FW,Köln,30,1991,26,13,1257,14.0,3,1,3,0,0,3,0,0.21,0.07,0.29,0.21,0.29,4.7,4.7,1.3,6.0,0.34,0.09,0.43,0.34,0.43,Matches
12,Andrés Andrade Cedeño\6ea23758,pa PAN,DF,Arminia,22,1998,17,12,1046,11.6,0,0,0,0,0,4,0,0.00,0.00,0.00,0.00,0.00,0.3,0.3,0.2,0.5,0.02,0.02,0.04,0.02,0.04,Matches
13,Fredrik André Bjørkan\3724baa1,no NOR,DF,Hertha BSC,22,1998,9,2,353,3.9,0,0,0,0,0,1,0,0.00,0.00,0.00,0.00,0.00,0.0,0.0,0.1,0.1,0.00,0.01,0.01,0.00,0.01,Matches
14,Robert Andrich\e0b113a7,de GER,MF,Leverkusen,26,1994,26,21,1817,20.2,4,2,4,0,0,5,1,0.20,0.10,0.30,0.20,0.30,3.2,3.2,0.9,4.1,0.16,0.05,0.20,0.16,0.20,Matches
15,Angeliño\30941e96,es ESP,DF,RB Leipzig,24,1997,29,26,2298,25.5,2,5,2,0,0,3,0,0.08,0.20,0.27,0.08,0.27,1.4,1.4,5.9,7.3,0.06,0.23,0.29,0.06,0.29,Matches
16,Waldemar Anton\5e66fa06,de GER,DF,Stuttgart,25,1996,29,29,2595,28.8,2,1,2,0,0,6,1,0.07,0.03,0.10,0.07,0.10,1.7,1.7,1.5,3.2,0.06,0.05,0.11,0.06,0.11,Matches
17,Christopher Antwi-Adjei\0a3f6cde,gh GHA,FWMF,Bochum,27,1994,25,12,1130,12.6,1,1,1,0,0,2,0,0.08,0.08,0.16,0.08,0.16,2.5,2.5,0.9,3.4,0.20,0.07,0.27,0.20,0.27,Matches
18,Charles Aránguiz\56413b1f,cl CHI,MF,Leverkusen,32,1989,26,16,1578,17.5,1,4,1,0,0,2,0,0.06,0.23,0.29,0.06,0.29,1.6,1.6,1.7,3.3,0.09,0.09,0.19,0.09,0.19,Matches
19,Maximilian Arnold\86e119e0,de GER,MF,Wolfsburg,27,1994,34,34,2994,33.3,4,2,4,0,0,4,0,0.12,0.06,0.18,0.12,0.18,1.5,1.5,4.7,6.3,0.05,0.14,0.19,0.05,0.19,Matches
20,Takuma Asano\13ddc856,jp JPN,FWMF,Bochum,26,1994,27,20,1608,17.9,3,4,3,0,0,1,0,0.17,0.22,0.39,0.17,0.39,3.5,3.5,2.4,5.9,0.20,0.13,0.33,0.20,0.33,Matches
21,Santiago Ascacíbar\e26fcca3,ar ARG,MF,Hertha BSC,24,1997,28,27,2375,26.4,0,1,0,0,0,5,0,0.00,0.04,0.04,0.00,0.04,1.2,1.2,0.3,1.5,0.04,0.01,0.06,0.04,0.06,Matches
22,Fisnik Asllani\35f67a30,xk KVX,MFFW,Hoffenheim,18,2002,2,0,9,0.1,0,0,0,0,0,0,0,0.00,0.00,0.00,0.00,0.00,0.0,0.0,0.0,0.0,0.00,0.00,0.00,0.00,0.00,Matches
23,Simon Asta\dfc85b89,de GER,DF,Greuther Fürth,20,2001,13,9,783,8.7,0,0,0,0,0,1,0,0.00,0.00,0.00,0.00,0.00,0.2,0.2,0.1,0.3,0.02,0.01,0.03,0.02,0.03,Matches
24,Taiwo Awoniyi\e5478b87,ng NGA,FW,Union Berlin,23,1997,31,29,2174,24.2,15,1,13,2,2,1,0,0.62,0.04,0.66,0.54,0.58,14.0,12.4,2.1,14.5,0.58,0.09,0.66,0.51,0.60,Matches
25,Sardar Azmoun\10549b49,ir IRN,FWMF,Leverkusen,26,1995,9,4,359,4.0,1,1,1,0,0,0,0,0.25,0.25,0.50,0.25,0.50,2.3,2.3,0.6,2.9,0.58,0.14,0.72,0.58,0.72,Matches
26,Mitchel Bakker\a8567629,nl NED,DF,Leverkusen,21,2000,25,19,1822,20.2,0,4,0,0,0,6,0,0.00,0.20,0.20,0.00,0.20,0.5,0.5,1.1,1.6,0.02,0.06,0.08,0.02,0.08,Matches
27,Ridle Baku\442b56fa,de GER,DFFW,Wolfsburg,23,1998,34,28,2446,27.2,3,5,3,0,0,4,0,0.11,0.18,0.29,0.11,0.29,2.2,2.2,4.8,7.0,0.08,0.18,0.26,0.08,0.26,Matches
28,Aymen Barkok\a2a85828,ma MAR,MFFW,Eint Frankfurt,23,1998,5,2,160,1.8,0,0,0,0,0,0,0,0.00,0.00,0.00,0.00,0.00,0.0,0.0,0.0,0.1,0.02,0.01,0.03,0.02,0.03,Matches
29,Leandro Barreiro Martins\00242b75,lu LUX,MF,Mainz 05,21,2000,31,20,1789,19.9,1,2,1,0,0,3,0,0.05,0.10,0.15,0.05,0.15,2.4,2.4,2.1,4.5,0.12,0.10,0.23,0.12,0.23,Matches
30,Jacob Barrett Laursen\c0d3bd23,dk DEN,DF,Arminia,26,1994,24,20,1632,18.1,2,0,2,0,0,1,0,0.11,0.00,0.11,0.11,0.11,0.3,0.3,0.5,0.8,0.01,0.03,0.04,0.01,0.04,Matches
31,Abdourahmane Barry\8df328f4,fr FRA,DF,Greuther Fürth,21,2000,8,1,210,2.3,0,0,0,0,0,2,0,0.00,0.00,0.00,0.00,0.00,0.0,0.0,0.1,0.2,0.02,0.05,0.07,0.02,0.07,Matches
32,Maximilian Bauer\44a20f0c,de GER,DF,Greuther Fürth,21,2000,26,18,1690,18.8,0,0,0,0,0,5,0,0.00,0.00,0.00,0.00,0.00,0.3,0.3,0.0,0.3,0.02,0.00,0.02,0.02,0.02,Matches
33,Oliver Baumann\47064058,de GER,GK,Hoffenheim,31,1990,33,33,2970,33.0,0,0,0,0,0,1,0,0.00,0.00,0.00,0.00,0.00,0.0,0.0,0.0,0.0,0.00,0.00,0.00,0.00,0.00,Matches
34,Timo Baumgartl\bd7d2e6d,de GER,DF,Union Berlin,25,1996,25,25,2166,24.1,1,2,1,0,0,5,0,0.04,0.08,0.12,0.04,0.12,1.4,1.4,0.5,1.9,0.06,0.02,0.08,0.06,0.08,Matches
35,Julian Baumgartlinger\69374ff5,at AUT,MF,Leverkusen,33,1988,6,1,88,1.0,0,0,0,0,0,1,0,0.00,0.00,0.00,0.00,0.00,0.0,0.0,0.0,0.0,0.00,0.00,0.00,0.00,0.00,Matches
36,Christoph Baumgartner\437f2b00,at AUT,MFFW,Hoffenheim,21,1999,29,23,1888,21.0,7,2,7,0,0,5,0,0.33,0.10,0.43,0.33,0.43,7.4,7.4,3.2,10.6,0.35,0.15,0.51,0.35,0.51,Matches
37,Noah Joel Sarenren Bazee\fbbc8e15,ng NGA,MFFW,Augsburg,24,1996,14,1,241,2.7,1,0,1,0,0,1,0,0.37,0.00,0.37,0.37,0.37,0.7,0.7,0.2,0.9,0.25,0.08,0.33,0.25,0.33,Matches
38,Ihlas Bebou\a53b661f,tg TOG,FWDF,Hoffenheim,27,1994,28,25,2091,23.2,7,2,7,0,0,0,0,0.30,0.09,0.39,0.30,0.39,8.4,8.4,1.9,10.3,0.36,0.08,0.44,0.36,0.44,Matches
39,Sheraldo Becker\8eb55dbb,sr SUR,FWMF,Union Berlin,26,1995,28,22,1758,19.5,4,6,4,0,0,4,0,0.20,0.31,0.51,0.20,0.51,3.0,3.0,6.6,9.6,0.15,0.34,0.49,0.15,0.49,Matches
40,Kevin Behrens\30ae134d,de GER,FW,Union Berlin,30,1991,24,2,499,5.5,2,2,2,0,0,1,0,0.36,0.36,0.72,0.36,0.72,2.7,2.7,1.9,4.6,0.49,0.34,0.83,0.49,0.83,Matches
41,Ishak Belfodil\ff182fdc,dz ALG,FW,Hertha BSC,29,1992,26,17,1636,18.2,5,2,4,1,1,1,0,0.28,0.11,0.39,0.22,0.33,4.1,3.4,1.7,5.1,0.23,0.10,0.32,0.19,0.28,Matches
42,Stefan Bell\857a5abe,de GER,DF,Mainz 05,29,1991,33,33,2864,31.8,2,0,2,0,0,9,0,0.06,0.00,0.06,0.06,0.06,1.5,1.5,1.6,3.1,0.05,0.05,0.10,0.05,0.10,Matches
43,Armel Bella Kotchap\a39d11bc,de GER,DF,Bochum,19,2001,22,20,1768,19.6,0,0,0,0,0,5,0,0.00,0.00,0.00,0.00,0.00,0.5,0.5,0.3,0.8,0.03,0.01,0.04,0.03,0.04,Matches
44,Karim Bellarabi\bee0bab1,de GER,FWDF,Leverkusen,31,1990,16,9,683,7.6,3,2,3,0,0,2,0,0.40,0.26,0.66,0.40,0.66,2.2,2.2,1.2,3.4,0.29,0.16,0.45,0.29,0.45,Matches
45,Jude Bellingham\57d88cf9,eng ENG,MF,Dortmund,18,2003,32,32,2790,31.0,3,8,3,0,0,9,0,0.10,0.26,0.35,0.10,0.35,4.2,4.2,4.6,8.8,0.14,0.15,0.29,0.14,0.29,Matches
46,George Bello\aca0a525,us USA,DF,Arminia,19,2002,10,3,434,4.8,0,0,0,0,0,0,0,0.00,0.00,0.00,0.00,0.00,0.1,0.1,0.3,0.4,0.01,0.06,0.08,0.01,0.08,Matches
47,László Bénes\fe888e39,sk SVK,MF,M'Gladbach,23,1997,13,2,246,2.7,0,0,0,0,0,0,0,0.00,0.00,0.00,0.00,0.00,0.7,0.7,0.3,1.1,0.27,0.13,0.39,0.27,0.39,Matches
48,Keanan Bennetts\f4c7c708,eng ENG,FWDF,M'Gladbach,22,1999,4,0,50,0.6,0,0,0,0,0,1,0,0.00,0.00,0.00,0.00,0.00,0.0,0.0,0.0,0.0,0.07,0.00,0.07,0.07,0.07,Matches
49,Ramy Bensebaini\378825c7,dz ALG,DF,M'Gladbach,26,1995,23,22,2020,22.4,4,1,2,2,2,6,0,0.18,0.04,0.22,0.09,0.13,3.7,2.2,1.0,3.2,0.17,0.04,0.21,0.10,0.14,Matches
50,Louis Beyer\9af1f9ff,de GER,DF,M'Gladbach,21,2000,17,15,1384,15.4,0,0,0,0,0,5,0,0.00,0.00,0.00,0.00,0.00,0.6,0.6,0.2,0.8,0.04,0.01,0.05,0.04,0.05,Matches
51,Bartosz Bialek\763b8b37,pl POL,FW,Wolfsburg,19,2001,12,1,178,2.0,0,0,0,0,0,1,0,0.00,0.00,0.00,0.00,0.00,0.5,0.5,0.2,0.7,0.24,0.12,0.36,0.24,0.36,Matches
52,Ermin Bičakčić\7aac47fe,ba BIH,DF,Hoffenheim,31,1990,1,0,5,0.1,0,0,0,0,0,0,0,0.00,0.00,0.00,0.00,0.00,0.0,0.0,0.0,0.0,0.00,0.00,0.00,0.00,0.00,Matches
53,Tom Bischof\07d3bfec,de GER,MFFW,Hoffenheim,16,2005,1,0,14,0.2,0,0,0,0,0,0,0,0.00,0.00,0.00,0.00,0.00,0.0,0.0,0.0,0.0,0.00,0.00,0.00,0.00,0.00,Matches
54,Danny Blum\eb61713c,de GER,FWMF,Bochum,30,1991,13,2,346,3.8,2,0,2,0,0,0,0,0.52,0.00,0.52,0.52,0.52,1.0,1.0,0.8,1.7,0.25,0.20,0.45,0.25,0.45,Matches
55,Kevin-Prince Boateng\f4ec4fd0,gh GHA,MFFW,Hertha BSC,34,1987,18,8,696,7.7,0,0,0,0,0,8,0,0.00,0.00,0.00,0.00,0.00,0.3,0.3,0.3,0.7,0.05,0.04,0.08,0.05,0.08,Matches
56,Herbert Bockhorn\5ad8c360,de GER,DF,Bochum,26,1995,18,7,850,9.4,0,0,0,0,0,1,0,0.00,0.00,0.00,0.00,0.00,0.5,0.5,0.3,0.8,0.06,0.03,0.09,0.06,0.09,Matches
57,Jean-Paul Boëtius\635f2732,nl NED,MF,Mainz 05,27,1994,33,19,1800,20.0,2,2,2,0,0,3,0,0.10,0.10,0.20,0.10,0.20,1.5,1.5,2.5,4.0,0.07,0.12,0.20,0.07,0.20,Matches
58,Tarsis Bonga\6ebbc28a,de GER,FW,Bochum,24,1997,3,0,17,0.2,0,0,0,0,0,0,0,0.00,0.00,0.00,0.00,0.00,0.3,0.3,0.0,0.3,1.36,0.00,1.36,1.36,1.36,Matches
59,Solomon Bonnah\dd7b6eb8,nl NED,DF,RB Leipzig,17,2003,1,0,6,0.1,0,0,0,0,0,0,0,0.00,0.00,0.00,0.00,0.00,0.0,0.0,0.0,0.0,0.00,0.00,0.00,0.00,0.00,Matches
60,Sebastiaan Bornauw\01834aa0,be BEL,DF,Wolfsburg,22,1999,27,23,2007,22.3,1,0,1,0,0,4,0,0.04,0.00,0.04,0.04,0.04,1.3,1.3,0.2,1.5,0.06,0.01,0.07,0.06,0.07,Matches
61,Rafael Borré\c68da769,co COL,FW,Eint Frankfurt,25,1995,31,28,2378,26.4,8,4,8,0,0,5,0,0.30,0.15,0.45,0.30,0.45,9.3,9.3,3.3,12.5,0.35,0.12,0.47,0.35,0.47,Matches
62,Dedryck Boyata\7c473e12,be BEL,DF,Hertha BSC,30,1990,23,22,1898,21.1,0,0,0,0,0,1,1,0.00,0.00,0.00,0.00,0.00,0.6,0.6,0.6,1.3,0.03,0.03,0.06,0.03,0.06,Matches
63,Julian Brandt\a167537f,de GER,MFFW,Dortmund,25,1996,31,22,2078,23.1,9,8,9,0,0,3,0,0.39,0.35,0.74,0.39,0.74,4.7,4.7,4.7,9.3,0.20,0.20,0.40,0.20,0.40,Matches
64,Iker Bravo\db8c8860,es ESP,FW,Leverkusen,16,2005,1,0,12,0.1,0,0,0,0,0,0,0,0.00,0.00,0.00,0.00,0.00,0.0,0.0,0.0,0.0,0.00,0.00,0.00,0.00,0.00,Matches
65,Fabian Bredlow\d28339cb,de GER,GK,Stuttgart,26,1995,4,4,360,4.0,0,0,0,0,0,0,0,0.00,0.00,0.00,0.00,0.00,0.0,0.0,0.0,0.0,0.00,0.00,0.00,0.00,0.00,Matches
66,Josip Brekalo\d4a2533d,hr CRO,MF,Wolfsburg,23,1998,1,0,21,0.2,0,1,0,0,0,0,0,0.00,4.29,4.29,0.00,4.29,0.0,0.0,0.4,0.4,0.00,1.82,1.82,0.00,1.82,Matches
67,Brian Brobbey\4c184730,nl NED,FW,RB Leipzig,19,2002,9,1,131,1.5,0,2,0,0,0,0,0,0.00,1.37,1.37,0.00,1.37,0.5,0.5,0.7,1.1,0.33,0.46,0.79,0.33,0.79,Matches
68,John Brooks\e27da244,us USA,DF,Wolfsburg,28,1993,31,29,2615,29.1,1,1,1,0,0,2,0,0.03,0.03,0.07,0.03,0.07,0.7,0.7,0.6,1.4,0.03,0.02,0.05,0.03,0.05,Matches
69,Daniel Brosinski\a7813ac4,de GER,DF,Mainz 05,33,1988,11,4,390,4.3,0,0,0,0,0,0,0,0.00,0.00,0.00,0.00,0.00,0.1,0.1,0.4,0.4,0.02,0.09,0.10,0.02,0.10,Matches
70,Cédric Brunner\f0a37d36,ch SUI,DF,Arminia,27,1994,27,26,2183,24.3,0,1,0,0,0,6,0,0.00,0.04,0.04,0.00,0.04,0.3,0.3,1.3,1.6,0.01,0.06,0.07,0.01,0.07,Matches
71,Jacob Bruun Larsen\4e204552,dk DEN,FWMF,Hoffenheim,22,1998,25,9,812,9.0,4,0,4,0,0,1,0,0.44,0.00,0.44,0.44,0.44,3.0,3.0,1.5,4.5,0.33,0.17,0.50,0.33,0.50,Matches
72,Sascha Burchert\25bdea4b,de GER,GK,Greuther Fürth,31,1989,14,14,1260,14.0,0,0,0,0,0,0,0,0.00,0.00,0.00,0.00,0.00,0.0,0.0,0.1,0.1,0.00,0.01,0.01,0.00,0.01,Matches
73,Delano Burgzorg\05e2d5ea,nl NED,FW,Mainz 05,22,1998,3,0,27,0.3,1,0,1,0,0,0,0,3.33,0.00,3.33,3.33,3.33,0.2,0.2,0.0,0.2,0.73,0.00,0.73,0.73,0.73,Matches
74,Jonathan Burkardt\05f99a4a,de GER,FWMF,Mainz 05,21,2000,34,32,2611,29.0,11,3,10,1,1,0,0,0.38,0.10,0.48,0.34,0.45,13.9,13.2,3.2,16.4,0.48,0.11,0.59,0.45,0.56,Matches
75,Roman Bürki\9d12e142,ch SUI,GK,Dortmund,30,1990,1,1,90,1.0,0,0,0,0,0,0,0,0.00,0.00,0.00,0.00,0.00,0.0,0.0,0.0,0.0,0.00,0.00,0.00,0.00,0.00,Matches
76,Jamie Bynoe-Gittens\10745192,eng ENG,FW,Dortmund,16,2004,4,1,134,1.5,0,0,0,0,0,0,0,0.00,0.00,0.00,0.00,0.00,0.5,0.5,0.2,0.6,0.32,0.10,0.42,0.32,0.42,Matches
77,Daniel Caligiuri\d1273f09,it ITA,DFMF,Augsburg,33,1988,28,24,2004,22.3,4,2,1,3,3,4,0,0.18,0.09,0.27,0.04,0.13,4.1,1.9,2.5,4.3,0.19,0.11,0.30,0.08,0.19,Matches
78,Emre Can\a65ce836,de GER,DFMF,Dortmund,27,1994,24,19,1690,18.8,5,1,1,4,4,5,0,0.27,0.05,0.32,0.05,0.11,3.2,0.1,0.7,0.8,0.17,0.04,0.21,0.01,0.05,Matches
79,Koen Casteels\db401046,be BEL,GK,Wolfsburg,29,1992,28,28,2520,28.0,0,0,0,0,0,1,0,0.00,0.00,0.00,0.00,0.00,0.0,0.0,0.0,0.0,0.00,0.00,0.00,0.00,0.00,Matches
80,Gonzalo Castro\68829001,de GER,MFFW,Arminia,34,1987,12,4,436,4.8,1,1,1,0,0,0,0,0.21,0.21,0.41,0.21,0.41,0.6,0.6,0.3,0.9,0.13,0.06,0.19,0.13,0.19,Matches
81,Julian Chabot\ae7058f9,de GER,DF,Köln,23,1998,4,2,209,2.3,0,0,0,0,0,1,0,0.00,0.00,0.00,0.00,0.00,0.0,0.0,0.0,0.0,0.00,0.00,0.00,0.00,0.00,Matches
82,Timothy Chandler\b3b7f5a6,us USA,DF,Eint Frankfurt,31,1990,17,15,1212,13.5,0,0,0,0,0,4,0,0.00,0.00,0.00,0.00,0.00,0.5,0.5,0.6,1.1,0.04,0.05,0.08,0.04,0.08,Matches
83,Justin Che\3c569f37,us USA,DFMF,Hoffenheim,17,2003,2,0,41,0.5,0,0,0,0,0,0,0,0.00,0.00,0.00,0.00,0.00,0.1,0.1,0.0,0.1,0.19,0.00,0.19,0.19,0.19,Matches
84,Max Christiansen\e7b899b8,de GER,MF,Greuther Fürth,24,1996,27,22,2054,22.8,0,0,0,0,0,5,0,0.00,0.00,0.00,0.00,0.00,0.5,0.5,0.4,0.9,0.02,0.02,0.04,0.02,0.04,Matches
85,Kingsley Coman\042e8a49,fr FRA,FWDF,Bayern Munich,25,1996,21,16,1359,15.1,6,2,6,0,0,1,1,0.40,0.13,0.53,0.40,0.53,4.5,4.5,3.2,7.8,0.30,0.21,0.51,0.30,0.51,Matches
86,Lucas Copado\8356931a,de GER,FW,Bayern Munich,17,2004,1,0,16,0.2,0,0,0,0,0,0,0,0.00,0.00,0.00,0.00,0.00,0.0,0.0,0.0,0.0,0.23,0.00,0.23,0.23,0.23,Matches
87,Sergio Córdova\229cd98a,ve VEN,FWMF,Augsburg,23,1997,13,2,328,3.6,0,0,0,0,0,2,0,0.00,0.00,0.00,0.00,0.00,0.9,0.9,0.1,1.0,0.23,0.04,0.27,0.23,0.27,Matches
88,Danny da Costa\5ddb8f9f,de GER,DF,Eint Frankfurt,28,1993,11,7,725,8.1,0,0,0,0,0,2,0,0.00,0.00,0.00,0.00,0.00,0.1,0.1,0.2,0.3,0.01,0.02,0.03,0.01,0.03,Matches
89,Tanguy Coulibaly\05ba9d7c,fr FRA,DFFW,Stuttgart,20,2001,21,11,1079,12.0,0,1,0,0,0,8,0,0.00,0.08,0.08,0.00,0.08,0.9,0.9,0.7,1.6,0.08,0.06,0.13,0.08,0.13,Matches
90,Mickaël Cuisance\5722eced,fr FRA,MF,Bayern Munich,21,1999,1,0,13,0.1,0,0,0,0,0,0,0,0.00,0.00,0.00,0.00,0.00,0.0,0.0,0.1,0.1,0.00,0.97,0.97,0.00,0.97,Matches
91,Matheus Cunha\dc62b55d,br BRA,FW,Hertha BSC,22,1999,1,1,64,0.7,0,1,0,0,0,0,0,0.00,1.41,1.41,0.00,1.41,0.7,0.7,0.0,0.7,0.94,0.00,0.94,0.94,0.94,Matches
92,Rafael Czichos\b0a0698b,de GER,DF,Köln,31,1990,17,16,1402,15.6,0,1,0,0,0,4,0,0.00,0.06,0.06,0.00,0.06,0.2,0.2,0.4,0.7,0.01,0.03,0.04,0.01,0.04,Matches
93,Lennart-Marten Czyborra\7ba1f1ef,de GER,DF,Arminia,22,1999,4,1,131,1.5,0,0,0,0,0,1,0,0.00,0.00,0.00,0.00,0.00,0.0,0.0,0.0,0.0,0.00,0.00,0.00,0.00,0.00,Matches
94,Moanes Dabbur\eac044ad,il ISR,FWMF,Hoffenheim,29,1992,27,17,1310,14.6,3,4,3,0,0,5,0,0.21,0.27,0.48,0.21,0.48,3.7,3.7,2.6,6.3,0.25,0.18,0.43,0.25,0.43,Matches
95,Finn Dahmen\dee3013b,de GER,GK,Mainz 05,23,1998,2,2,180,2.0,0,0,0,0,0,0,0,0.00,0.00,0.00,0.00,0.00,0.0,0.0,0.0,0.0,0.00,0.00,0.00,0.00,0.00,Matches
96,Mahmoud Dahoud\db4ed67b,de GER,MF,Dortmund,25,1996,22,20,1658,18.4,2,3,2,0,0,7,1,0.11,0.16,0.27,0.11,0.27,1.1,1.1,3.4,4.5,0.06,0.19,0.25,0.06,0.25,Matches
97,Márton Dárdai\41bff4fa,de GER,DF,Hertha BSC,19,2002,12,9,755,8.4,0,1,0,0,0,2,0,0.00,0.12,0.12,0.00,0.12,0.1,0.1,0.1,0.2,0.01,0.01,0.03,0.01,0.03,Matches
98,Vladimír Darida\3eb0f2df,cz CZE,MF,Hertha BSC,30,1990,25,23,1786,19.8,2,5,2,0,0,6,0,0.10,0.25,0.35,0.10,0.35,1.8,1.8,3.3,5.2,0.09,0.17,0.26,0.09,0.26,Matches
99,Alphonso Davies\d781d855,ca CAN,DF,Bayern Munich,20,2000,22,20,1740,19.3,0,3,0,0,0,3,0,0.00,0.16,0.16,0.00,0.16,1.7,1.7,4.0,5.8,0.09,0.21,0.30,0.09,0.30,Matches
100,Saulo Decarli\41df88b8,ch SUI,DF,Bochum,29,1992,1,0,9,0.1,0,0,0,0,0,0,0,0.00,0.00,0.00,0.00,0.00,0.0,0.0,0.0,0.0,0.29,0.00,0.29,0.29,0.29,Matches
101,Thomas Delaney\fe641c1a,dk DEN,MF,Dortmund,29,1991,1,0,18,0.2,0,0,0,0,0,0,0,0.00,0.00,0.00,0.00,0.00,0.0,0.0,0.0,0.0,0.00,0.00,0.00,0.00,0.00,Matches
102,Kerem Demirbay\54b4dc4e,de GER,MF,Leverkusen,28,1993,29,23,2049,22.8,1,4,0,1,2,10,0,0.04,0.18,0.22,0.00,0.18,3.4,1.9,4.1,6.0,0.15,0.18,0.33,0.08,0.26,Matches
103,Ermedin Demirović\ed79b7d3,ba BIH,FWMF,Freiburg,23,1998,31,9,871,9.7,2,3,2,0,0,4,0,0.21,0.31,0.52,0.21,0.52,3.5,3.5,1.2,4.7,0.37,0.12,0.49,0.37,0.49,Matches
104,Mike van der Hoorn\25f50295,nl NED,DF,Arminia,28,1992,1,0,14,0.2,0,0,0,0,0,0,0,0.00,0.00,0.00,0.00,0.00,0.0,0.0,0.0,0.0,0.00,0.00,0.00,0.00,0.00,Matches
105,Moussa Diaby\aeed5c06,fr FRA,FWMF,Leverkusen,22,1999,32,32,2760,30.7,13,12,13,0,1,10,1,0.42,0.39,0.82,0.42,0.82,8.5,7.8,9.1,16.9,0.28,0.30,0.58,0.25,0.55,Matches
106,Daniel Didavi\d3096421,de GER,FWMF,Stuttgart,31,1990,10,2,277,3.1,0,1,0,0,0,1,0,0.00,0.32,0.32,0.00,0.32,1.0,1.0,0.8,1.7,0.32,0.25,0.57,0.32,0.57,Matches
107,Javairô Dilrosun\34a0f5ff,nl NED,FW,Hertha BSC,23,1998,2,1,138,1.5,0,0,0,0,0,0,0,0.00,0.00,0.00,0.00,0.00,0.0,0.0,0.0,0.0,0.02,0.00,0.02,0.02,0.02,Matches
108,Lee Dongjun\96d0b6f0,kr KOR,MF,Hertha BSC,24,1997,4,1,118,1.3,0,0,0,0,0,0,0,0.00,0.00,0.00,0.00,0.00,0.6,0.6,0.0,0.6,0.43,0.00,0.43,0.43,0.43,Matches
109,Niklas Dorsch\7f73bdf4,de GER,MF,Augsburg,23,1998,30,27,2324,25.8,1,0,1,0,0,8,0,0.04,0.00,0.04,0.04,0.04,0.2,0.2,0.3,0.5,0.01,0.01,0.02,0.01,0.02,Matches
110,Ondrej Duda\79ca3e23,sk SVK,MF,Köln,26,1994,31,20,1611,17.9,2,0,2,0,0,5,0,0.11,0.00,0.11,0.11,0.11,3.5,3.5,2.5,6.0,0.20,0.14,0.33,0.20,0.33,Matches
111,Jeremy Dudziak\5a8d6540,tn TUN,MFFW,Greuther Fürth,25,1995,22,15,1134,12.6,2,0,2,0,0,1,0,0.16,0.00,0.16,0.16,0.16,2.4,2.4,1.6,4.0,0.19,0.13,0.32,0.19,0.32,Matches
112,Erik Durm\cf623c78,de GER,DF,Eint Frankfurt,29,1992,7,7,474,5.3,0,1,0,0,0,1,0,0.00,0.19,0.19,0.00,0.19,0.0,0.0,0.6,0.6,0.00,0.12,0.12,0.00,0.12,Matches
113,Maximilian Eggestein\beb882a8,de GER,MF,Freiburg,24,1996,31,26,2194,24.4,1,2,1,0,0,2,0,0.04,0.08,0.12,0.04,0.12,1.2,1.2,1.6,2.8,0.05,0.07,0.11,0.05,0.11,Matches
114,Lilian Egloff\2f7fec15,de GER,FWMF,Stuttgart,18,2002,4,0,31,0.3,0,0,0,0,0,0,0,0.00,0.00,0.00,0.00,0.00,0.0,0.0,0.2,0.2,0.00,0.60,0.60,0.00,0.60,Matches
115,Kingsley Ehizibue\76b2817e,nl NED,DF,Köln,26,1995,16,6,681,7.6,0,1,0,0,0,2,0,0.00,0.13,0.13,0.00,0.13,0.3,0.3,0.9,1.2,0.04,0.12,0.16,0.04,0.16,Matches
116,Julian Eitschberger\943b9602,de GER,DF,Hertha BSC,17,2004,1,1,45,0.5,0,0,0,0,0,0,0,0.00,0.00,0.00,0.00,0.00,0.0,0.0,0.0,0.0,0.00,0.00,0.00,0.00,0.00,Matches
117,Jurgen Ekkelenkamp\73d6a176,nl NED,MFFW,Hertha BSC,21,2000,21,6,718,8.0,3,0,3,0,0,1,0,0.38,0.00,0.38,0.38,0.38,1.9,1.9,0.8,2.7,0.24,0.09,0.34,0.24,0.34,Matches
118,Nico Elvedi\48035304,ch SUI,DF,M'Gladbach,24,1996,28,28,2430,27.0,1,0,1,0,0,3,1,0.04,0.00,0.04,0.04,0.04,1.5,1.5,0.1,1.7,0.06,0.01,0.06,0.06,0.06,Matches
119,Breel Embolo\0b4f388a,ch SUI,FWMF,M'Gladbach,24,1997,29,24,2166,24.1,9,3,9,0,0,3,0,0.37,0.12,0.50,0.37,0.50,8.8,8.8,4.7,13.5,0.36,0.20,0.56,0.36,0.56,Matches
120,Keita Endo\1a83027b,jp JPN,MFFW,Union Berlin,23,1997,4,0,55,0.6,0,0,0,0,0,0,0,0.00,0.00,0.00,0.00,0.00,0.1,0.1,0.0,0.1,0.10,0.00,0.10,0.10,0.10,Matches
121,Wataru Endo\c149016b,jp JPN,MF,Stuttgart,28,1993,33,33,2899,32.2,4,2,4,0,0,4,0,0.12,0.06,0.19,0.12,0.19,5.8,5.5,1.4,6.9,0.18,0.04,0.22,0.17,0.21,Matches
122,Michael Esser\83e0eeb4,de GER,GK,Bochum,33,1987,3,3,270,3.0,0,0,0,0,0,0,0,0.00,0.00,0.00,0.00,0.00,0.0,0.0,0.0,0.0,0.00,0.00,0.00,0.00,0.00,Matches
123,Wahidullah Faghir\93c9e7d9,dk DEN,FW,Stuttgart,18,2003,6,0,123,1.4,1,0,1,0,0,0,0,0.73,0.00,0.73,0.73,0.73,0.4,0.4,0.0,0.4,0.31,0.00,0.31,0.31,0.31,Matches
124,Ömer Faruk Beyaz\8307b663,tr TUR,FWDF,Stuttgart,17,2003,4,0,71,0.8,0,0,0,0,0,0,0,0.00,0.00,0.00,0.00,0.00,0.2,0.2,0.0,0.2,0.23,0.00,0.23,0.23,0.23,Matches
125,Adrian Fein\60097ff6,de GER,MF,Greuther Fürth,22,1999,3,0,32,0.4,0,0,0,0,0,0,0,0.00,0.00,0.00,0.00,0.00,0.0,0.0,0.0,0.1,0.06,0.09,0.15,0.06,0.15,Matches
126,Ohis Felix Uduokhai\677da306,de GER,DF,Augsburg,23,1997,13,8,787,8.7,0,0,0,0,0,1,0,0.00,0.00,0.00,0.00,0.00,0.1,0.1,0.0,0.1,0.01,0.00,0.02,0.01,0.02,Matches
127,Edimilson Fernandes\3bb625ac,ch SUI,DFFW,Arminia,25,1996,7,2,283,3.1,0,0,0,0,0,0,0,0.00,0.00,0.00,0.00,0.00,0.2,0.2,0.3,0.5,0.07,0.09,0.16,0.07,0.16,Matches
128,Alfreð Finnbogason\f9e7c4ac,is ISL,FWMF,Augsburg,32,1989,10,3,292,3.2,2,1,2,0,0,0,0,0.62,0.31,0.92,0.62,0.92,1.1,1.1,0.8,2.0,0.35,0.25,0.60,0.35,0.60,Matches
129,Mark Flekken\a92ab7be,nl NED,GK,Freiburg,28,1993,32,32,2880,32.0,0,0,0,0,0,0,0,0.00,0.00,0.00,0.00,0.00,0.0,0.0,0.1,0.1,0.00,0.00,0.00,0.00,0.00,Matches
130,Emil Forsberg\9a2e0ccc,se SWE,MFFW,RB Leipzig,29,1991,31,20,1706,19.0,6,2,2,4,4,2,0,0.32,0.11,0.42,0.11,0.21,7.6,4.6,3.6,8.2,0.40,0.19,0.59,0.24,0.43,Matches
131,Philipp Förster\76fa965f,de GER,FWMF,Stuttgart,26,1995,20,11,967,10.7,2,1,2,0,0,4,0,0.19,0.09,0.28,0.19,0.28,2.7,2.7,0.8,3.5,0.26,0.07,0.33,0.26,0.33,Matches
132,Timothy Fosu-Mensah\a9142dc3,nl NED,DF,Leverkusen,23,1998,6,0,145,1.6,0,0,0,0,0,0,0,0.00,0.00,0.00,0.00,0.00,0.0,0.0,0.2,0.2,0.00,0.15,0.15,0.00,0.15,Matches
133,Raphael Framberger\626fab5f,de GER,DF,Augsburg,25,1995,23,9,848,9.4,0,0,0,0,0,3,0,0.00,0.00,0.00,0.00,0.00,0.0,0.0,0.6,0.6,0.00,0.06,0.07,0.00,0.07,Matches
134,Marvin Friedrich\b77f44a4,de GER,DF,M'Gladbach,25,1995,8,7,600,6.7,0,0,0,0,0,1,0,0.00,0.00,0.00,0.00,0.00,0.3,0.3,0.0,0.3,0.05,0.00,0.05,0.05,0.05,Matches
135,Marvin Friedrich\b77f44a4,de GER,DF,Union Berlin,25,1995,13,13,1169,13.0,0,0,0,0,0,4,1,0.00,0.00,0.00,0.00,0.00,1.1,1.1,0.9,2.1,0.09,0.07,0.16,0.09,0.16,Matches
136,Jeremie Frimpong\74f2e748,nl NED,DF,Leverkusen,20,2000,25,25,2052,22.8,1,6,1,0,0,6,0,0.04,0.26,0.31,0.04,0.31,0.6,0.6,4.1,4.7,0.03,0.18,0.21,0.03,0.21,Matches
137,Christian Früchtl\1940be91,de GER,GK,Bayern Munich,21,2000,1,0,10,0.1,0,0,0,0,0,0,0,0.00,0.00,0.00,0.00,0.00,0.0,0.0,0.0,0.0,0.00,0.00,0.00,0.00,0.00,Matches
138,Chris Führich\0cf778df,de GER,MFFW,Stuttgart,23,1998,25,21,1714,19.0,3,2,3,0,0,3,0,0.16,0.11,0.26,0.16,0.26,3.5,3.5,3.6,7.1,0.18,0.19,0.37,0.18,0.37,Matches
139,Marius Funk\86314793,de GER,GK,Greuther Fürth,25,1996,8,8,720,8.0,0,0,0,0,0,0,0,0.00,0.00,0.00,0.00,0.00,0.0,0.0,0.1,0.1,0.00,0.02,0.02,0.00,0.02,Matches
140,Stephan Fürstner\18c2e247,de GER,MF,Mainz 05,33,1987,1,0,5,0.1,0,0,0,0,0,0,0,0.00,0.00,0.00,0.00,0.00,0.0,0.0,0.0,0.0,0.00,0.00,0.00,0.00,0.00,Matches
141,Mijat Gaćinović\16daec92,rs SRB,FWDF,Hoffenheim,26,1995,4,1,110,1.2,0,0,0,0,0,1,0,0.00,0.00,0.00,0.00,0.00,0.3,0.3,0.0,0.3,0.21,0.00,0.21,0.21,0.21,Matches
142,Cristian Gamboa\f27680d9,cr CRC,DF,Bochum,31,1989,23,20,1722,19.1,1,0,1,0,0,6,0,0.05,0.00,0.05,0.05,0.05,0.1,0.1,1.1,1.1,0.00,0.06,0.06,0.00,0.06,Matches
143,Silvère Ganvoula M'Boussy\6c731625,cg CGO,FW,Bochum,25,1996,9,0,153,1.7,0,0,0,0,0,0,0,0.00,0.00,0.00,0.00,0.00,1.3,1.3,0.0,1.3,0.75,0.00,0.75,0.75,0.75,Matches
144,Linus Gechter\ad2b068c,de GER,DF,Hertha BSC,17,2004,13,6,716,8.0,1,0,1,0,0,0,0,0.13,0.00,0.13,0.13,0.13,0.6,0.6,0.3,0.9,0.07,0.04,0.11,0.07,0.11,Matches
145,Dennis Geiger\37f606f0,de GER,MF,Hoffenheim,23,1998,20,17,1377,15.3,2,2,2,0,0,6,0,0.13,0.13,0.26,0.13,0.26,0.9,0.9,2.1,3.0,0.06,0.14,0.20,0.06,0.20,Matches
146,Yannick Gerhardt\62ab9184,de GER,MFDF,Wolfsburg,27,1994,27,17,1574,17.5,1,3,1,0,0,2,0,0.06,0.17,0.23,0.06,0.23,1.8,1.8,1.8,3.6,0.10,0.10,0.20,0.10,0.20,Matches
147,Hamadi Al Ghaddioui\5723931e,ma MAR,FW,Stuttgart,30,1990,10,7,498,5.5,2,2,2,0,0,2,0,0.36,0.36,0.72,0.36,0.72,1.5,1.5,1.1,2.6,0.28,0.19,0.47,0.28,0.47,Matches
148,Niko Gießelmann\7242b495,de GER,DF,Union Berlin,29,1991,28,25,2083,23.1,3,6,3,0,0,3,0,0.13,0.26,0.39,0.13,0.39,3.2,3.2,1.5,4.7,0.14,0.07,0.20,0.14,0.20,Matches
149,Rafał Gikiewicz\17376543,pl POL,GK,Augsburg,33,1987,34,34,3060,34.0,0,0,0,0,0,0,0,0.00,0.00,0.00,0.00,0.00,0.0,0.0,0.1,0.1,0.00,0.00,0.00,0.00,0.00,Matches
150,Daniel Ginczek\e5f63987,de GER,MFFW,Wolfsburg,30,1991,2,0,13,0.1,0,0,0,0,0,0,0,0.00,0.00,0.00,0.00,0.00,0.1,0.1,0.0,0.1,0.73,0.00,0.73,0.73,0.73,Matches
151,Matthias Ginter\f521b80a,de GER,DF,M'Gladbach,27,1994,28,27,2355,26.2,1,0,1,0,0,2,0,0.04,0.00,0.04,0.04,0.04,2.1,2.1,1.6,3.6,0.08,0.06,0.14,0.08,0.14,Matches
152,Serge Gnabry\88e357ef,de GER,FWDF,Bayern Munich,26,1995,34,25,2185,24.3,14,5,14,0,0,0,0,0.58,0.21,0.78,0.58,0.78,8.3,8.3,6.7,15.0,0.34,0.28,0.62,0.34,0.62,Matches
153,Leon Goretzka\cc86b9a3,de GER,MF,Bayern Munich,26,1995,19,19,1396,15.5,3,3,3,0,0,0,0,0.19,0.19,0.39,0.19,0.39,4.9,4.9,2.6,7.5,0.31,0.17,0.48,0.31,0.48,Matches
154,Jeffrey Gouweleeuw\1025db8e,nl NED,DF,Augsburg,30,1991,29,29,2576,28.6,2,0,1,1,1,9,0,0.07,0.00,0.07,0.03,0.03,1.8,1.1,1.2,2.3,0.06,0.04,0.11,0.04,0.08,Matches
155,Jens Grahl\f26dee6b,de GER,GK,Eint Frankfurt,32,1988,1,1,90,1.0,0,0,0,0,0,0,0,0.00,0.00,0.00,0.00,0.00,0.0,0.0,0.0,0.0,0.00,0.00,0.00,0.00,0.00,Matches
156,Julian Green\ad1d6fa4,us USA,MF,Greuther Fürth,26,1995,24,12,1054,11.7,0,0,0,0,0,2,0,0.00,0.00,0.00,0.00,0.00,0.6,0.6,0.5,1.1,0.06,0.04,0.09,0.06,0.09,Matches
157,Michael Gregoritsch\8e235926,at AUT,FWMF,Augsburg,27,1994,25,15,1392,15.5,9,0,8,1,1,3,0,0.58,0.00,0.58,0.52,0.52,5.3,4.6,1.1,5.7,0.35,0.07,0.42,0.30,0.37,Matches
158,Sebastian Griesbeck\a8db7ebb,de GER,DFMF,Greuther Fürth,30,1990,29,28,2439,27.1,1,0,1,0,0,7,0,0.04,0.00,0.04,0.04,0.04,0.7,0.7,0.1,0.8,0.03,0.00,0.03,0.03,0.03,Matches
159,Sebastian Griesbeck\a8db7ebb,de GER,MF,Union Berlin,30,1990,1,0,9,0.1,0,0,0,0,0,0,0,0.00,0.00,0.00,0.00,0.00,0.0,0.0,0.0,0.0,0.00,0.00,0.00,0.00,0.00,Matches
160,Vincenzo Grifo\54e4866f,it ITA,MFFW,Freiburg,28,1993,34,33,2775,30.8,9,7,4,5,6,0,0,0.29,0.23,0.52,0.13,0.36,9.1,4.5,7.0,11.5,0.30,0.23,0.52,0.15,0.37,Matches
161,Lennart Grill\37998008,de GER,GK,Leverkusen,22,1999,1,1,90,1.0,0,0,0,0,0,0,0,0.00,0.00,0.00,0.00,0.00,0.0,0.0,0.0,0.0,0.00,0.00,0.00,0.00,0.00,Matches
162,Florian Grillitsch\ffbbc83b,at AUT,DFMF,Hoffenheim,25,1995,18,16,1496,16.6,0,0,0,0,0,7,0,0.00,0.00,0.00,0.00,0.00,0.5,0.5,0.6,1.1,0.03,0.03,0.06,0.03,0.06,Matches
163,Carlos Gruezo\f2dd9a21,ec ECU,MF,Augsburg,26,1995,17,9,970,10.8,0,0,0,0,0,7,0,0.00,0.00,0.00,0.00,0.00,0.5,0.5,0.1,0.6,0.05,0.01,0.06,0.05,0.06,Matches
164,Raphaël Guerreiro\048a1cbc,pt POR,DF,Dortmund,27,1993,23,21,1795,19.9,4,2,3,1,1,1,0,0.20,0.10,0.30,0.15,0.25,2.5,1.7,2.0,3.7,0.13,0.10,0.22,0.09,0.19,Matches
165,Josuha Guilavogui\e6c43eec,fr FRA,MFDF,Wolfsburg,30,1990,15,10,942,10.5,0,0,0,0,0,4,0,0.00,0.00,0.00,0.00,0.00,0.4,0.4,0.1,0.5,0.04,0.00,0.05,0.04,0.05,Matches
166,Péter Gulácsi\bcb2ccd8,hu HUN,GK,RB Leipzig,31,1990,33,33,2967,33.0,0,0,0,0,0,1,0,0.00,0.00,0.00,0.00,0.00,0.0,0.0,0.0,0.0,0.00,0.00,0.00,0.00,0.00,Matches
167,Manuel Gulde\25ab9c9c,de GER,DF,Freiburg,30,1991,20,14,1225,13.6,0,0,0,0,0,2,0,0.00,0.00,0.00,0.00,0.00,0.0,0.0,0.1,0.2,0.00,0.01,0.01,0.00,0.01,Matches
168,Robert Gumny\1df0c0b9,pl POL,DF,Augsburg,23,1998,28,27,2272,25.2,0,0,0,0,0,3,0,0.00,0.00,0.00,0.00,0.00,0.3,0.3,0.3,0.6,0.01,0.01,0.02,0.01,0.02,Matches
169,Christian Günter\8593f88c,de GER,DF,Freiburg,28,1993,34,34,3060,34.0,2,9,2,0,0,2,0,0.06,0.26,0.32,0.06,0.32,0.8,0.8,7.3,8.1,0.02,0.21,0.24,0.02,0.24,Matches
170,Lasse Günther\00672803,de GER,DF,Augsburg,18,2003,5,1,161,1.8,0,0,0,0,0,1,0,0.00,0.00,0.00,0.00,0.00,0.1,0.1,0.0,0.1,0.06,0.03,0.08,0.06,0.08,Matches
171,Joško Gvardiol\5ad50391,hr CRO,DF,RB Leipzig,19,2002,29,28,2409,26.8,2,2,2,0,0,7,0,0.07,0.07,0.15,0.07,0.15,2.5,2.5,1.8,4.3,0.09,0.07,0.16,0.09,0.16,Matches
172,Erling Haaland\1f44ac21,no NOR,FW,Dortmund,21,2000,24,21,1911,21.2,22,8,16,6,6,3,0,1.04,0.38,1.41,0.75,1.13,17.6,13.0,5.7,18.7,0.83,0.27,1.09,0.61,0.88,Matches
173,Janik Haberer\70dcf94d,de GER,MF,Freiburg,27,1994,26,7,818,9.1,3,0,3,0,0,1,0,0.33,0.00,0.33,0.33,0.33,1.1,1.1,0.1,1.1,0.12,0.01,0.12,0.12,0.12,Matches
174,Alexander Hack\a5ec3ede,de GER,DF,Mainz 05,27,1993,28,24,2074,23.0,3,1,3,0,0,6,1,0.13,0.04,0.17,0.13,0.17,2.8,2.8,0.6,3.4,0.12,0.03,0.15,0.12,0.15,Matches
175,Robin Hack\0174ba21,de GER,FWMF,Arminia,22,1998,30,13,1364,15.2,0,3,0,0,0,2,0,0.00,0.20,0.20,0.00,0.20,2.4,2.4,1.4,3.8,0.16,0.09,0.25,0.16,0.25,Matches
176,André Hahn\cd82452e,de GER,MFFW,Augsburg,30,1990,32,25,2101,23.3,5,2,5,0,0,5,0,0.21,0.09,0.30,0.21,0.30,3.5,3.5,1.6,5.1,0.15,0.07,0.22,0.15,0.22,Matches
177,Amadou Haidara\92432bc6,ml MLI,MF,RB Leipzig,23,1998,20,15,1326,14.7,3,1,3,0,0,2,0,0.20,0.07,0.27,0.20,0.27,1.0,1.0,0.5,1.4,0.07,0.03,0.10,0.07,0.10,Matches
178,Marcel Halstenberg\8ff2354e,de GER,DF,RB Leipzig,29,1991,8,5,507,5.6,1,0,1,0,0,0,0,0.18,0.00,0.18,0.18,0.18,0.4,0.4,0.6,1.0,0.07,0.10,0.17,0.07,0.17,Matches
179,Genki Haraguchi\f24ea523,jp JPN,MF,Union Berlin,30,1991,30,23,1755,19.5,2,6,2,0,0,2,0,0.10,0.31,0.41,0.10,0.41,2.4,2.4,2.3,4.6,0.12,0.12,0.24,0.12,0.24,Matches
180,Luis Hartwig\a3f30508,de GER,MF,Bochum,18,2002,1,0,2,0.0,0,0,0,0,0,0,0,0.00,0.00,0.00,0.00,0.00,0.0,0.0,0.0,0.0,0.00,0.00,0.00,0.00,0.00,Matches
181,Makoto Hasebe\9ab16552,jp JPN,DF,Eint Frankfurt,37,1984,18,12,1187,13.2,0,0,0,0,0,1,0,0.00,0.00,0.00,0.00,0.00,0.0,0.0,0.4,0.4,0.00,0.03,0.03,0.00,0.03,Matches
182,Thorgan Hazard\50871bcc,be BEL,FWDF,Dortmund,28,1993,23,14,1337,14.9,4,1,4,0,0,2,0,0.27,0.07,0.34,0.27,0.34,2.7,2.7,2.0,4.7,0.18,0.14,0.32,0.18,0.32,Matches
183,Jonas Hector\c2009df3,de GER,DF,Köln,31,1990,30,30,2553,28.4,0,6,0,0,0,3,0,0.00,0.21,0.21,0.00,0.21,1.3,1.3,3.9,5.2,0.05,0.14,0.18,0.05,0.18,Matches
184,Hwang Hee-chan\169fd162,kr KOR,FW,RB Leipzig,25,1996,2,0,49,0.5,0,0,0,0,0,0,0,0.00,0.00,0.00,0.00,0.00,0.2,0.2,0.0,0.2,0.36,0.00,0.36,0.36,0.36,Matches
185,Dominique Heintz\699fb8db,de GER,DF,Union Berlin,27,1993,7,7,467,5.2,0,0,0,0,0,0,0,0.00,0.00,0.00,0.00,0.00,0.2,0.2,0.0,0.2,0.04,0.00,0.04,0.04,0.04,Matches
186,Dominique Heintz\699fb8db,de GER,DF,Freiburg,27,1993,1,0,29,0.3,0,0,0,0,0,0,0,0.00,0.00,0.00,0.00,0.00,0.0,0.0,0.0,0.0,0.00,0.00,0.00,0.00,0.00,Matches
187,Benjamin Henrichs\0a89e877,de GER,DF,RB Leipzig,24,1997,22,12,1143,12.7,3,3,3,0,0,3,0,0.24,0.24,0.47,0.24,0.47,1.7,1.7,2.4,4.1,0.14,0.19,0.32,0.14,0.32,Matches
188,Lucas Hernández\c3ee18ef,fr FRA,DF,Bayern Munich,25,1996,25,25,2030,22.6,0,1,0,0,0,7,0,0.00,0.04,0.04,0.00,0.04,0.5,0.5,0.8,1.3,0.02,0.04,0.06,0.02,0.06,Matches
189,Patrick Herrmann\dfb6490a,de GER,DFFW,M'Gladbach,30,1991,23,5,754,8.4,0,4,0,0,0,1,0,0.00,0.48,0.48,0.00,0.48,1.4,1.4,1.6,3.0,0.17,0.19,0.35,0.17,0.35,Matches
190,Piero Hincapié\0c7a48f8,ec ECU,DF,Leverkusen,19,2002,27,20,1754,19.5,1,2,1,0,0,5,0,0.05,0.10,0.15,0.05,0.15,0.7,0.7,1.1,1.8,0.04,0.06,0.09,0.04,0.09,Matches
191,Martin Hinteregger\080440a4,at AUT,DF,Eint Frankfurt,28,1992,27,25,2222,24.7,1,0,1,0,0,6,0,0.04,0.00,0.04,0.04,0.04,1.2,1.2,0.5,1.7,0.05,0.02,0.07,0.05,0.07,Matches
192,Marwin Hitz\2e7ff968,ch SUI,GK,Dortmund,33,1987,5,4,405,4.5,0,0,0,0,0,0,0,0.00,0.00,0.00,0.00,0.00,0.0,0.0,0.0,0.0,0.00,0.00,0.00,0.00,0.00,Matches
193,Nicolas Höfler\5d8e331f,de GER,MF,Freiburg,31,1990,30,30,2600,28.9,2,4,2,0,0,5,0,0.07,0.14,0.21,0.07,0.21,2.0,2.0,1.9,4.0,0.07,0.07,0.14,0.07,0.14,Matches
194,Jonas Hofmann\2903a856,de GER,MFFW,M'Gladbach,29,1992,26,24,2078,23.1,12,5,12,0,0,1,0,0.52,0.22,0.74,0.52,0.74,7.8,7.8,6.7,14.5,0.34,0.29,0.63,0.34,0.63,Matches
195,Lucas Höler\ca618d23,de GER,FWMF,Freiburg,27,1994,34,30,2583,28.7,7,2,7,0,0,2,0,0.24,0.07,0.31,0.24,0.31,8.3,8.3,3.2,11.5,0.29,0.11,0.40,0.29,0.40,Matches
196,Gerrit Holtmann\2979c05a,ph PHI,FWMF,Bochum,26,1995,29,23,1840,20.4,5,4,5,0,0,0,0,0.24,0.20,0.44,0.24,0.44,4.0,4.0,4.3,8.3,0.19,0.21,0.41,0.19,0.41,Matches
197,Justin Hoogma\816192f0,nl NED,DF,Greuther Fürth,23,1998,3,3,270,3.0,0,0,0,0,0,1,0,0.00,0.00,0.00,0.00,0.00,0.0,0.0,0.0,0.0,0.00,0.01,0.01,0.00,0.01,Matches
198,Jannes Horn\2b83fa49,de GER,DF,Köln,24,1997,11,3,478,5.3,0,0,0,0,0,2,0,0.00,0.00,0.00,0.00,0.00,0.1,0.1,0.6,0.7,0.01,0.12,0.13,0.01,0.13,Matches
199,Timo Horn\3cd9e95a,de GER,GK,Köln,28,1993,13,13,1170,13.0,0,0,0,0,0,0,0,0.00,0.00,0.00,0.00,0.00,0.0,0.0,0.0,0.0,0.00,0.00,0.00,0.00,0.00,Matches
200,Lukáš Hrádecký\ad3389d5,fi FIN,GK,Leverkusen,31,1989,32,32,2880,32.0,0,0,0,0,0,1,0,0.00,0.00,0.00,0.00,0.00,0.0,0.0,0.0,0.0,0.00,0.00,0.00,0.00,0.00,Matches
201,Branimir Hrgota\710fbdd1,se SWE,FW,Greuther Fürth,28,1993,34,33,2777,30.9,9,5,4,5,5,4,0,0.29,0.16,0.45,0.13,0.29,9.2,5.4,3.2,8.6,0.30,0.10,0.40,0.18,0.28,Matches
202,Ajdin Hrustic\1f2d714c,au AUS,MF,Eint Frankfurt,25,1996,23,9,964,10.7,2,0,2,0,0,2,0,0.19,0.00,0.19,0.19,0.19,1.2,1.2,0.7,1.9,0.11,0.06,0.18,0.11,0.18,Matches
203,Timo Hübers\94302c52,de GER,DF,Köln,25,1996,20,20,1740,19.3,1,0,1,0,0,7,0,0.05,0.00,0.05,0.05,0.05,1.1,1.1,0.0,1.1,0.06,0.00,0.06,0.06,0.06,Matches
204,Benjamin Hübner\99de6b6f,de GER,DF,Hoffenheim,32,1989,5,5,375,4.2,1,0,1,0,0,2,0,0.24,0.00,0.24,0.24,0.24,0.8,0.8,0.0,0.8,0.19,0.00,0.19,0.19,0.19,Matches
205,Mats Hummels\05d548d8,de GER,DF,Dortmund,32,1988,23,20,1765,19.6,1,2,1,0,0,4,0,0.05,0.10,0.15,0.05,0.15,0.9,0.9,0.7,1.6,0.05,0.03,0.08,0.05,0.08,Matches
206,Iago\054849d2,br BRA,DF,Augsburg,24,1997,28,26,2174,24.2,2,5,2,0,0,3,0,0.08,0.21,0.29,0.08,0.29,1.1,1.1,3.0,4.1,0.05,0.12,0.17,0.05,0.17,Matches
207,Stefan Ilsanker\8494acc4,at AUT,DFMF,Eint Frankfurt,32,1989,12,3,266,3.0,0,0,0,0,0,1,0,0.00,0.00,0.00,0.00,0.00,0.2,0.2,0.0,0.2,0.08,0.00,0.08,0.08,0.08,Matches
208,Burak İnce\683dec01,tr TUR,FW,Arminia,17,2004,5,1,139,1.5,0,0,0,0,0,0,0,0.00,0.00,0.00,0.00,0.00,0.5,0.5,0.0,0.6,0.34,0.02,0.37,0.34,0.37,Matches
209,Marcus Ingvartsen\271b8617,dk DEN,MF,Union Berlin,25,1996,2,2,122,1.4,0,0,0,0,0,0,0,0.00,0.00,0.00,0.00,0.00,0.1,0.1,0.0,0.1,0.05,0.00,0.05,0.05,0.05,Matches
210,Marcus Ingvartsen\271b8617,dk DEN,FWMF,Mainz 05,25,1996,26,6,680,7.6,6,0,5,1,1,2,0,0.79,0.00,0.79,0.66,0.66,3.4,2.6,0.4,3.0,0.44,0.05,0.50,0.34,0.40,Matches
211,Hiroki Ito\204dded0,jp JPN,DF,Stuttgart,22,1999,29,26,2348,26.1,1,1,1,0,0,2,0,0.04,0.04,0.08,0.04,0.08,0.6,0.6,1.3,2.0,0.02,0.05,0.08,0.02,0.08,Matches
212,Cedric Itten\ef233486,ch SUI,FW,Greuther Fürth,24,1996,12,7,635,7.1,2,0,2,0,0,1,0,0.28,0.00,0.28,0.28,0.28,2.7,2.7,0.1,2.8,0.38,0.02,0.40,0.38,0.40,Matches
213,Gian-Luca Itter\e6c15f6e,de GER,DF,Greuther Fürth,22,1999,24,16,1455,16.2,0,1,0,0,0,3,0,0.00,0.06,0.06,0.00,0.06,0.2,0.2,1.0,1.2,0.01,0.06,0.08,0.01,0.08,Matches
214,Lee Jae-sung\34b0387f,kr KOR,MFFW,Mainz 05,28,1992,27,19,1436,16.0,4,3,4,0,0,3,0,0.25,0.19,0.44,0.25,0.44,3.4,3.4,2.1,5.5,0.22,0.13,0.35,0.22,0.35,Matches
215,Paul Jaeckel\a93b6f4e,de GER,DF,Union Berlin,23,1998,24,22,2047,22.7,0,0,0,0,0,5,0,0.00,0.00,0.00,0.00,0.00,0.1,0.1,0.1,0.2,0.00,0.01,0.01,0.00,0.01,Matches
216,Kristijan Jakić\a8ee54ad,hr CRO,MF,Eint Frankfurt,24,1997,26,21,1879,20.9,1,0,1,0,0,6,0,0.05,0.00,0.05,0.05,0.05,2.2,2.2,0.4,2.5,0.10,0.02,0.12,0.10,0.12,Matches
217,Tony Jantschke\34b54da7,de GER,DF,M'Gladbach,31,1990,3,3,225,2.5,0,0,0,0,0,0,0,0.00,0.00,0.00,0.00,0.00,0.1,0.1,0.1,0.1,0.02,0.04,0.06,0.02,0.06,Matches
218,Dennis Jastrzembski\6bba916f,pl POL,DFFW,Hertha BSC,21,2000,8,1,225,2.5,0,0,0,0,0,1,0,0.00,0.00,0.00,0.00,0.00,0.1,0.1,0.5,0.5,0.02,0.19,0.21,0.02,0.21,Matches
219,Fredrik Jensen\3eeb80e0,fi FIN,MFFW,Augsburg,23,1997,12,2,418,4.6,0,1,0,0,0,0,0,0.00,0.22,0.22,0.00,0.22,0.2,0.2,0.6,0.8,0.05,0.12,0.17,0.05,0.17,Matches
220,Marco John\d9e196bf,de GER,DF,Hoffenheim,19,2002,2,0,42,0.5,0,0,0,0,0,0,0,0.00,0.00,0.00,0.00,0.00,0.0,0.0,0.0,0.0,0.00,0.00,0.00,0.00,0.00,Matches
221,Stevan Jovetić\f36c432f,me MNE,FW,Hertha BSC,31,1989,18,13,1017,11.3,6,1,6,0,0,3,0,0.53,0.09,0.62,0.53,0.62,4.4,4.4,2.3,6.7,0.39,0.21,0.60,0.39,0.60,Matches
222,Gideon Jung\a2e7de6f,de GER,DF,Greuther Fürth,26,1994,5,1,142,1.6,0,0,0,0,0,0,0,0.00,0.00,0.00,0.00,0.00,0.0,0.0,0.0,0.0,0.00,0.00,0.00,0.00,0.00,Matches
223,Anton Kade\6d7598d5,de GER,MFDF,Hertha BSC,17,2004,4,0,77,0.9,0,0,0,0,0,0,0,0.00,0.00,0.00,0.00,0.00,0.1,0.1,0.0,0.1,0.14,0.00,0.14,0.14,0.14,Matches
224,Pavel Kadeřábek\79c90e45,cz CZE,DF,Hoffenheim,29,1992,19,14,1195,13.3,1,2,1,0,0,5,0,0.08,0.15,0.23,0.08,0.23,2.0,2.0,2.8,4.8,0.15,0.21,0.37,0.15,0.37,Matches
225,Florian Kainz\94c18565,at AUT,MFFW,Köln,28,1992,32,31,2320,25.8,4,4,4,0,0,3,1,0.16,0.16,0.31,0.16,0.31,3.5,3.5,5.0,8.5,0.14,0.19,0.33,0.14,0.33,Matches
226,Sasa Kalajdzic\15f24fe7,at AUT,FW,Stuttgart,24,1997,15,13,1221,13.6,6,1,5,1,2,2,0,0.44,0.07,0.52,0.37,0.44,6.3,4.8,3.5,8.3,0.47,0.26,0.72,0.35,0.61,Matches
227,Felix Kalu Nmecha\091c86e2,de GER,MFFW,Wolfsburg,20,2000,16,1,323,3.6,0,0,0,0,0,2,0,0.00,0.00,0.00,0.00,0.00,0.7,0.7,0.1,0.8,0.18,0.03,0.21,0.18,0.21,Matches
228,Daichi Kamada\15b287da,jp JPN,MFFW,Eint Frankfurt,24,1996,32,23,2139,23.8,4,3,4,0,0,0,0,0.17,0.13,0.29,0.17,0.29,4.8,4.8,2.9,7.7,0.20,0.12,0.32,0.20,0.32,Matches
229,Kevin Kampl\b825a650,si SVN,MF,RB Leipzig,30,1990,27,25,1899,21.1,0,1,0,0,0,4,0,0.00,0.05,0.05,0.00,0.05,0.6,0.6,1.3,1.9,0.03,0.06,0.09,0.03,0.09,Matches
230,Stefanos Kapino\62ba5881,gr GRE,GK,Arminia,27,1994,1,1,90,1.0,0,0,0,0,0,0,0,0.00,0.00,0.00,0.00,0.00,0.0,0.0,0.0,0.0,0.00,0.00,0.00,0.00,0.00,Matches
231,Atakan Karazor\5762be5c,de GER,MF,Stuttgart,24,1996,24,23,1898,21.1,0,1,0,0,0,9,1,0.00,0.05,0.05,0.00,0.05,0.5,0.5,2.1,2.6,0.03,0.10,0.13,0.03,0.13,Matches
232,Silas Katompa\de4cac2d,cd COD,MFFW,Stuttgart,22,1998,9,3,277,3.1,0,0,0,0,0,0,0,0.00,0.00,0.00,0.00,0.00,0.1,0.1,0.0,0.1,0.02,0.00,0.02,0.02,0.02,Matches
233,Noah Katterbach\e27de4fa,de GER,DF,Köln,20,2001,1,0,16,0.2,0,0,0,0,0,0,0,0.00,0.00,0.00,0.00,0.00,0.0,0.0,0.0,0.0,0.00,0.00,0.00,0.00,0.00,Matches
234,Yannik Keitel\d2c580ce,de GER,MF,Freiburg,21,2000,12,5,504,5.6,0,0,0,0,0,1,0,0.00,0.00,0.00,0.00,0.00,0.8,0.8,0.0,0.8,0.14,0.01,0.15,0.14,0.15,Matches
235,Marc-Oliver Kempf\815c314f,de GER,DF,Hertha BSC,26,1995,12,12,1051,11.7,0,1,0,0,0,1,1,0.00,0.09,0.09,0.00,0.09,0.6,0.6,0.4,1.0,0.05,0.03,0.08,0.05,0.08,Matches
236,Marc-Oliver Kempf\815c314f,de GER,DF,Stuttgart,26,1995,12,10,840,9.3,3,0,3,0,0,2,0,0.32,0.00,0.32,0.32,0.32,1.0,1.0,0.5,1.6,0.11,0.06,0.17,0.11,0.17,Matches
237,Rani Khedira\59e4b92e,de GER,MF,Union Berlin,27,1994,32,32,2757,30.6,0,1,0,0,0,6,0,0.00,0.03,0.03,0.00,0.03,1.2,1.2,0.4,1.6,0.04,0.01,0.05,0.04,0.05,Matches
238,Luca Kilian\610aa1e9,de GER,FW,Mainz 05,21,1999,1,0,1,0.0,0,0,0,0,0,0,0,0.00,0.00,0.00,0.00,0.00,0.0,0.0,0.0,0.0,0.00,0.00,0.00,0.00,0.00,Matches
239,Luca Kilian\610aa1e9,de GER,DF,Köln,21,1999,30,25,2281,25.3,1,0,1,0,0,3,0,0.04,0.00,0.04,0.04,0.04,1.1,1.1,0.2,1.3,0.04,0.01,0.05,0.04,0.05,Matches
240,Joshua Kimmich\49296448,de GER,MF,Bayern Munich,26,1995,28,28,2474,27.5,3,9,3,0,0,4,0,0.11,0.33,0.44,0.11,0.44,2.1,2.1,9.2,11.2,0.08,0.33,0.41,0.08,0.41,Matches
241,Philipp Klement\0cddeaa7,de GER,MFFW,Stuttgart,28,1992,6,3,338,3.8,1,0,1,0,0,0,0,0.27,0.00,0.27,0.27,0.27,0.3,0.3,0.9,1.2,0.08,0.25,0.32,0.08,0.32,Matches
242,Mateo Klimowicz\2b7c56b4,de GER,FWMF,Stuttgart,21,2000,15,7,603,6.7,0,1,0,0,0,2,0,0.00,0.15,0.15,0.00,0.15,0.9,0.9,0.5,1.4,0.13,0.07,0.21,0.13,0.21,Matches
243,Fabian Klos\e21042ae,de GER,FW,Arminia,33,1987,25,14,1420,15.8,3,1,1,2,2,2,1,0.19,0.06,0.25,0.06,0.13,5.0,3.5,1.3,4.8,0.32,0.09,0.40,0.22,0.30,Matches
244,Lukas Klostermann\ca8033cb,de GER,DF,RB Leipzig,25,1996,23,17,1648,18.3,0,1,0,0,0,1,0,0.00,0.05,0.05,0.00,0.05,0.3,0.3,0.3,0.5,0.01,0.01,0.03,0.01,0.03,Matches
245,Lukas Klünter\92948149,de GER,DF,Hertha BSC,25,1996,5,2,194,2.2,0,0,0,0,0,1,0,0.00,0.00,0.00,0.00,0.00,0.0,0.0,0.3,0.3,0.00,0.15,0.15,0.00,0.15,Matches
246,Ansgar Knauff\19a967ab,de GER,FWMF,Dortmund,19,2002,5,0,114,1.3,0,0,0,0,0,0,0,0.00,0.00,0.00,0.00,0.00,0.1,0.1,0.1,0.2,0.07,0.11,0.18,0.07,0.18,Matches
247,Ansgar Knauff\19a967ab,de GER,DF,Eint Frankfurt,19,2002,12,8,759,8.4,1,1,1,0,0,0,0,0.12,0.12,0.24,0.12,0.24,0.5,0.5,1.0,1.6,0.06,0.12,0.19,0.06,0.19,Matches
248,Robin Knoche\6bd5cd5d,de GER,DF,Union Berlin,29,1992,33,33,2970,33.0,0,0,0,0,0,6,0,0.00,0.00,0.00,0.00,0.00,0.4,0.4,0.2,0.6,0.01,0.01,0.02,0.01,0.02,Matches
249,Gregor Kobel\cd59b9df,ch SUI,GK,Dortmund,23,1997,29,29,2565,28.5,0,0,0,0,0,0,0,0.00,0.00,0.00,0.00,0.00,0.0,0.0,0.0,0.0,0.00,0.00,0.00,0.00,0.00,Matches
250,Dominik Kohr\0fbecd11,de GER,MF,Mainz 05,27,1994,22,19,1614,17.9,0,3,0,0,0,10,2,0.00,0.17,0.17,0.00,0.17,1.2,1.2,1.6,2.8,0.07,0.09,0.16,0.07,0.16,Matches
251,Kouadio Koné\86574238,fr FRA,MF,M'Gladbach,20,2001,27,26,2183,24.3,2,0,2,0,0,10,0,0.08,0.00,0.08,0.08,0.08,1.6,1.6,0.7,2.3,0.07,0.03,0.09,0.07,0.09,Matches
252,Odilon Kossonou\1f3afdcb,ci CIV,DF,Leverkusen,20,2001,27,20,1793,19.9,0,1,0,0,0,3,0,0.00,0.05,0.05,0.00,0.05,0.1,0.1,0.7,0.8,0.01,0.03,0.04,0.01,0.04,Matches
253,Filip Kostić\b1cd37e6,rs SRB,DFFW,Eint Frankfurt,28,1992,31,28,2522,28.0,4,9,4,0,0,2,0,0.14,0.32,0.46,0.14,0.46,2.8,2.8,9.8,12.7,0.10,0.35,0.45,0.10,0.45,Matches
254,Nianzou Kouassi\5853ac44,fr FRA,DF,Bayern Munich,19,2002,17,6,582,6.5,1,1,1,0,0,4,0,0.15,0.15,0.31,0.15,0.31,0.7,0.7,0.4,1.1,0.10,0.07,0.17,0.10,0.17,Matches
255,Andrej Kramarić\603cb947,hr CRO,FWMF,Hoffenheim,30,1991,32,30,2707,30.1,6,9,6,0,0,2,0,0.20,0.30,0.50,0.20,0.50,11.5,11.5,6.3,17.9,0.38,0.21,0.59,0.38,0.59,Matches
256,Christoph Kramer\496aeede,de GER,MF,M'Gladbach,30,1991,18,7,748,8.3,0,0,0,0,0,1,0,0.00,0.00,0.00,0.00,0.00,0.2,0.2,0.2,0.4,0.02,0.03,0.05,0.02,0.05,Matches
257,Florian Krüger\f9f92b5f,de GER,FWMF,Arminia,22,1999,27,12,1129,12.5,1,2,1,0,0,0,0,0.08,0.16,0.24,0.08,0.24,1.4,1.4,1.6,3.0,0.11,0.13,0.24,0.11,0.24,Matches
258,Max Kruse\f9446dcd,de GER,FWMF,Wolfsburg,33,1988,14,14,1128,12.5,7,1,5,2,2,0,0,0.56,0.08,0.64,0.40,0.48,5.1,3.6,2.0,5.6,0.41,0.16,0.57,0.29,0.45,Matches
259,Max Kruse\f9446dcd,de GER,FWMF,Union Berlin,33,1988,16,16,1270,14.1,5,4,2,3,3,1,0,0.35,0.28,0.64,0.14,0.43,4.9,2.6,3.4,6.0,0.35,0.24,0.59,0.18,0.43,Matches
260,Lukas Kübler\2a29eb9b,de GER,DF,Freiburg,28,1992,29,27,2327,25.9,2,0,2,0,0,2,0,0.08,0.00,0.08,0.08,0.08,1.2,1.2,0.9,2.1,0.05,0.04,0.08,0.05,0.08,Matches
261,Fabian Kunze\d25fee56,de GER,MF,Arminia,23,1998,22,13,1260,14.0,0,0,0,0,0,9,0,0.00,0.00,0.00,0.00,0.00,0.3,0.3,0.2,0.5,0.02,0.01,0.04,0.02,0.04,Matches
262,Maxence Lacroix\277c49ed,fr FRA,DF,Wolfsburg,21,2000,29,29,2491,27.7,0,0,0,0,0,5,3,0.00,0.00,0.00,0.00,0.00,1.2,1.2,0.6,1.8,0.04,0.02,0.06,0.04,0.06,Matches
263,Konrad Laimer\c1b7847c,at AUT,MF,RB Leipzig,24,1997,26,15,1240,13.8,4,4,4,0,0,2,0,0.29,0.29,0.58,0.29,0.58,2.3,2.3,1.8,4.1,0.17,0.13,0.30,0.17,0.30,Matches
264,Stefan Lainer\4aea5077,at AUT,DF,M'Gladbach,28,1992,21,19,1471,16.3,1,2,1,0,0,2,0,0.06,0.12,0.18,0.06,0.18,0.6,0.6,2.5,3.1,0.04,0.15,0.19,0.04,0.19,Matches
265,Vassilis Lambropoulos\591477c9,gr GRE,DF,Bochum,31,1990,13,13,1168,13.0,0,0,0,0,0,1,0,0.00,0.00,0.00,0.00,0.00,0.1,0.1,0.0,0.2,0.01,0.00,0.01,0.01,0.01,Matches
266,Sam Lammers\c283ddef,nl NED,FW,Eint Frankfurt,24,1997,15,5,517,5.7,1,0,1,0,0,1,0,0.17,0.00,0.17,0.17,0.17,1.2,1.2,0.4,1.6,0.22,0.07,0.29,0.22,0.29,Matches
267,Bryan Lasme\ebac0ace,fr FRA,FW,Arminia,22,1998,23,7,877,9.7,2,0,2,0,0,2,0,0.21,0.00,0.21,0.21,0.21,0.8,0.8,0.4,1.3,0.09,0.04,0.13,0.09,0.13,Matches
268,Maxim Leitsch\7e12a98d,de GER,DF,Bochum,23,1998,19,17,1538,17.1,1,0,1,0,0,2,0,0.06,0.00,0.06,0.06,0.06,1.0,1.0,0.4,1.3,0.06,0.02,0.08,0.06,0.08,Matches
269,Tim Lemperle\792ffa71,de GER,FWMF,Köln,19,2002,13,0,149,1.7,2,0,2,0,0,0,0,1.21,0.00,1.21,1.21,1.21,1.3,1.3,0.9,2.2,0.79,0.52,1.32,0.79,1.32,Matches
270,Christopher Lenz\bbd86530,de GER,DF,Eint Frankfurt,26,1994,15,6,664,7.4,0,1,0,0,0,6,0,0.00,0.14,0.14,0.00,0.14,0.1,0.1,0.9,1.0,0.02,0.12,0.14,0.02,0.14,Matches
271,Robert Lewandowski\8d78e732,pl POL,FW,Bayern Munich,32,1988,34,34,2946,32.7,35,3,30,5,5,2,0,1.07,0.09,1.16,0.92,1.01,32.6,28.9,5.7,34.5,1.00,0.17,1.17,0.88,1.05,Matches
272,Jamie Leweling\13fe7b69,de GER,FWDF,Greuther Fürth,20,2001,33,22,1959,21.8,5,1,5,0,0,3,0,0.23,0.05,0.28,0.23,0.28,4.1,4.1,1.6,5.7,0.19,0.08,0.26,0.19,0.26,Matches
273,Philipp Lienhart\302527b2,at AUT,DF,Freiburg,25,1996,32,32,2870,31.9,5,0,5,0,0,2,0,0.16,0.00,0.16,0.16,0.16,2.6,2.6,0.1,2.7,0.08,0.00,0.09,0.08,0.09,Matches
274,Andreas Linde\4d6a842d,se SWE,GK,Greuther Fürth,28,1993,12,12,1080,12.0,0,0,0,0,0,0,0,0.00,0.00,0.00,0.00,0.00,0.0,0.0,0.0,0.0,0.00,0.00,0.00,0.00,0.00,Matches
275,Jesper Lindstrøm\37dc1a48,dk DEN,FWMF,Eint Frankfurt,21,2000,29,26,1976,22.0,5,4,5,0,0,0,0,0.23,0.18,0.41,0.23,0.41,6.8,6.8,5.4,12.2,0.31,0.25,0.56,0.31,0.56,Matches
276,Dejan Ljubicic\c455a2b2,at AUT,MFFW,Köln,23,1997,30,22,1969,21.9,3,1,3,0,0,4,0,0.14,0.05,0.18,0.14,0.18,2.3,2.3,3.5,5.8,0.11,0.16,0.27,0.11,0.27,Matches
277,Jürgen Locadia\6cc47ae1,nl NED,FWMF,Bochum,27,1993,11,4,444,4.9,2,1,1,1,1,0,0,0.41,0.20,0.61,0.20,0.41,2.0,1.2,0.6,1.8,0.40,0.11,0.51,0.25,0.36,Matches
278,Anthony Losilla\07c7eb0c,fr FRA,MF,Bochum,35,1986,33,33,2935,32.6,2,0,2,0,0,5,0,0.06,0.00,0.06,0.06,0.06,1.6,1.6,0.7,2.3,0.05,0.02,0.07,0.05,0.07,Matches
279,Marcel Lotka\5584552e,pl POL,GK,Hertha BSC,20,2001,10,9,885,9.8,0,0,0,0,0,1,0,0.00,0.00,0.00,0.00,0.00,0.0,0.0,0.0,0.0,0.00,0.00,0.00,0.00,0.00,Matches
280,Eduard Löwen\70678132,de GER,MF,Bochum,24,1997,26,15,1416,15.7,2,2,1,1,1,0,0,0.13,0.13,0.25,0.06,0.19,2.8,2.1,3.9,5.9,0.18,0.24,0.42,0.13,0.38,Matches
281,Anderson Lucoqui\5569bf9a,ao ANG,DF,Mainz 05,24,1997,13,9,743,8.3,1,0,1,0,0,2,0,0.12,0.00,0.12,0.12,0.12,0.7,0.7,0.2,1.0,0.09,0.03,0.12,0.09,0.12,Matches
282,Dodi Lukebakio\0c61c77c,be BEL,FW,Hertha BSC,23,1997,3,2,176,2.0,1,0,0,1,1,0,0,0.51,0.00,0.51,0.00,0.00,1.1,0.3,0.0,0.3,0.55,0.00,0.55,0.16,0.16,Matches
283,Dodi Lukebakio\0c61c77c,be BEL,FWMF,Wolfsburg,23,1997,19,7,882,9.8,1,2,1,0,0,2,0,0.10,0.20,0.31,0.10,0.31,2.3,2.3,2.2,4.6,0.24,0.23,0.46,0.24,0.46,Matches
284,Andrey Lunyov\8a6ab963,ru RUS,GK,Leverkusen,29,1991,1,1,90,1.0,0,0,0,0,0,0,0,0.00,0.00,0.00,0.00,0.00,0.0,0.0,0.0,0.0,0.00,0.00,0.00,0.00,0.00,Matches
285,Andreas Luthe\7fe12375,de GER,GK,Union Berlin,34,1987,27,27,2430,27.0,0,0,0,0,0,3,0,0.00,0.00,0.00,0.00,0.00,0.0,0.0,0.0,0.0,0.00,0.00,0.00,0.00,0.00,Matches
286,Matej Maglica\36cf2caf,hr CRO,DF,Stuttgart,22,1998,1,0,6,0.1,0,0,0,0,0,0,0,0.00,0.00,0.00,0.00,0.00,0.0,0.0,0.0,0.0,0.00,0.00,0.00,0.00,0.00,Matches
287,Arne Maier\ab700320,de GER,MF,Augsburg,22,1999,29,21,1864,20.7,1,6,1,0,0,0,0,0.05,0.29,0.34,0.05,0.34,1.4,1.4,3.2,4.7,0.07,0.16,0.23,0.07,0.23,Matches
288,Donyell Malen\864163f3,nl NED,FW,Dortmund,22,1999,27,20,1684,18.7,5,3,5,0,0,2,0,0.27,0.16,0.43,0.27,0.43,4.2,4.2,3.6,7.8,0.23,0.19,0.42,0.23,0.42,Matches
289,Lennard Maloney\75402e99,us USA,DF,Dortmund,21,1999,2,0,9,0.1,0,0,0,0,0,0,0,0.00,0.00,0.00,0.00,0.00,0.0,0.0,0.1,0.1,0.00,0.62,0.62,0.00,0.62,Matches
290,Orel Mangala\a572e291,be BEL,MF,Stuttgart,23,1998,28,22,1853,20.6,1,3,1,0,0,4,0,0.05,0.15,0.19,0.05,0.19,1.6,1.6,2.3,4.0,0.08,0.11,0.19,0.08,0.19,Matches
291,Myziane Maolida\706a60e1,fr FRA,FWMF,Hertha BSC,22,1999,14,9,776,8.6,1,1,1,0,0,0,0,0.12,0.12,0.23,0.12,0.23,1.4,1.4,0.3,1.7,0.17,0.03,0.20,0.17,0.20,Matches
292,Omar Marmoush\0e0102eb,eg EGY,FW,Wolfsburg,22,1999,2,0,24,0.3,0,0,0,0,0,0,0,0.00,0.00,0.00,0.00,0.00,0.1,0.1,0.3,0.4,0.38,1.01,1.40,0.38,1.40,Matches
293,Omar Marmoush\0e0102eb,eg EGY,FWMF,Stuttgart,22,1999,21,19,1571,17.5,3,5,3,0,1,3,0,0.17,0.29,0.46,0.17,0.46,5.8,5.1,2.1,7.1,0.33,0.12,0.45,0.29,0.41,Matches
294,Aarón Martín\2f3e911a,es ESP,DF,Mainz 05,24,1997,28,25,2292,25.5,1,1,1,0,0,7,0,0.04,0.04,0.08,0.04,0.08,1.0,1.0,4.1,5.1,0.04,0.16,0.20,0.04,0.20,Matches
295,Josep Martinez\11d8aff0,es ESP,GK,RB Leipzig,23,1998,1,1,90,1.0,0,0,0,0,0,0,0,0.00,0.00,0.00,0.00,0.00,0.0,0.0,0.0,0.0,0.00,0.00,0.00,0.00,0.00,Matches
296,Erhan Mašović\a396fb61,rs SRB,DF,Bochum,22,1998,20,17,1552,17.2,0,0,0,0,0,7,0,0.00,0.00,0.00,0.00,0.00,0.4,0.4,0.0,0.4,0.02,0.00,0.02,0.02,0.02,Matches
297,Roberto Massimo\fc62fdf4,de GER,DFFW,Stuttgart,20,2000,19,11,877,9.7,2,0,2,0,0,0,0,0.21,0.00,0.21,0.21,0.21,2.5,2.5,1.1,3.5,0.25,0.11,0.36,0.25,0.36,Matches
298,Konstantinos Mavropanos\00963611,gr GRE,DF,Stuttgart,23,1997,31,31,2705,30.1,4,0,4,0,0,3,0,0.13,0.00,0.13,0.13,0.13,2.8,2.8,0.1,3.0,0.09,0.00,0.10,0.09,0.10,Matches
299,Eric Maxim Choupo-Moting\0e6bc38c,cm CMR,FWMF,Bayern Munich,32,1989,20,1,377,4.2,4,2,4,0,0,0,0,0.95,0.48,1.43,0.95,1.43,2.8,2.8,0.7,3.5,0.66,0.16,0.83,0.66,0.83,Matches
300,Kevin Mbabu\493924a7,ch SUI,DF,Wolfsburg,26,1995,24,14,1391,15.5,0,0,0,0,0,4,0,0.00,0.00,0.00,0.00,0.00,0.4,0.4,2.2,2.6,0.02,0.14,0.17,0.02,0.17,Matches
301,Nathan de Medina\d686dbc0,be BEL,DF,Arminia,23,1997,19,7,775,8.6,0,0,0,0,0,2,0,0.00,0.00,0.00,0.00,0.00,0.4,0.4,0.0,0.4,0.05,0.00,0.05,0.05,0.05,Matches
302,Admir Mehmedi\b500b384,ch SUI,MF,Wolfsburg,30,1991,1,0,4,0.0,0,0,0,0,0,0,0,0.00,0.00,0.00,0.00,0.00,0.0,0.0,0.0,0.0,0.00,0.00,0.00,0.00,0.00,Matches
303,Jorge Meré\9f979eb2,es ESP,DF,Köln,24,1997,8,5,490,5.4,0,0,0,0,0,2,0,0.00,0.00,0.00,0.00,0.00,0.0,0.0,0.0,0.0,0.00,0.01,0.01,0.00,0.01,Matches
304,Thomas Meunier\e162b013,be BEL,DF,Dortmund,29,1991,17,17,1402,15.6,2,4,2,0,0,4,0,0.13,0.26,0.39,0.13,0.39,1.3,1.3,2.6,3.9,0.08,0.17,0.25,0.08,0.25,Matches
305,Marco Meyerhöfer\0b104510,de GER,DF,Greuther Fürth,25,1995,26,25,2280,25.3,1,0,1,0,0,0,0,0.04,0.00,0.04,0.04,0.04,0.9,0.9,0.8,1.7,0.03,0.03,0.07,0.03,0.07,Matches
306,Sven Michel\1e274a0a,de GER,FW,Union Berlin,31,1990,13,2,338,3.8,3,1,3,0,0,2,0,0.80,0.27,1.07,0.80,1.07,1.6,1.6,1.8,3.3,0.41,0.47,0.88,0.41,0.88,Matches
307,Enzo Millot\f76022e7,fr FRA,MF,Stuttgart,19,2002,6,0,53,0.6,0,1,0,0,0,0,0,0.00,1.70,1.70,0.00,1.70,0.0,0.0,0.2,0.2,0.00,0.37,0.37,0.00,0.37,Matches
308,Maximilian Mittelstädt\88d4144a,de GER,DFFW,Hertha BSC,24,1997,24,16,1493,16.6,0,5,0,0,0,3,0,0.00,0.30,0.30,0.00,0.30,0.4,0.4,2.8,3.2,0.02,0.17,0.19,0.02,0.19,Matches
309,Anthony Modeste\34e4343c,fr FRA,FW,Köln,33,1988,32,31,2606,29.0,20,4,19,1,1,4,0,0.69,0.14,0.83,0.66,0.79,17.3,16.5,1.2,17.7,0.60,0.04,0.64,0.57,0.61,Matches
310,Kevin Möhwald\a5ce09f2,de GER,MF,Union Berlin,28,1993,16,3,354,3.9,0,0,0,0,0,2,0,0.00,0.00,0.00,0.00,0.00,0.5,0.5,0.3,0.8,0.14,0.06,0.20,0.14,0.20,Matches
311,Clinton Mola\29ddfb9c,eng ENG,DF,Stuttgart,20,2001,3,1,113,1.3,0,0,0,0,0,0,0,0.00,0.00,0.00,0.00,0.00,0.0,0.0,0.0,0.0,0.00,0.00,0.00,0.00,0.00,Matches
312,Jan Morávek\e7d22eae,cz CZE,MF,Augsburg,31,1989,17,5,471,5.2,0,0,0,0,0,1,0,0.00,0.00,0.00,0.00,0.00,0.7,0.7,0.6,1.3,0.14,0.12,0.26,0.14,0.26,Matches
313,Ilaix Moriba\f4c69aa6,gn GUI,MF,RB Leipzig,18,2003,2,0,32,0.4,0,0,0,0,0,0,0,0.00,0.00,0.00,0.00,0.00,0.0,0.0,0.0,0.0,0.07,0.00,0.07,0.07,0.07,Matches
314,Youssoufa Moukoko\6ce43701,de GER,FW,Dortmund,16,2004,16,1,223,2.5,2,0,2,0,0,1,0,0.81,0.00,0.81,0.81,0.81,1.8,1.8,0.1,1.9,0.71,0.04,0.75,0.71,0.75,Matches
315,Nordi Mukiele\ac73ec79,fr FRA,DF,RB Leipzig,23,1997,28,21,1842,20.5,1,3,1,0,0,3,0,0.05,0.15,0.20,0.05,0.20,2.4,2.4,2.6,5.0,0.12,0.13,0.25,0.12,0.25,Matches
316,Florian Müller\cbac6ec9,de GER,GK,Stuttgart,23,1997,30,30,2700,30.0,0,0,0,0,0,0,0,0.00,0.00,0.00,0.00,0.00,0.0,0.0,0.0,0.0,0.00,0.00,0.00,0.00,0.00,Matches
317,Thomas Müller\3c6089ab,de GER,MF,Bayern Munich,31,1989,32,32,2558,28.4,8,18,8,0,0,0,0,0.28,0.63,0.91,0.28,0.91,10.0,10.0,11.3,21.3,0.35,0.40,0.75,0.35,0.75,Matches
318,Torben Müsel\d01b9ad6,de GER,MF,M'Gladbach,22,1999,1,0,5,0.1,0,0,0,0,0,0,0,0.00,0.00,0.00,0.00,0.00,0.0,0.0,0.0,0.0,0.00,0.00,0.00,0.00,0.00,Matches
319,Jamal Musiala\2c0558b8,de GER,MFFW,Bayern Munich,18,2003,30,12,1465,16.3,5,5,5,0,0,2,0,0.31,0.31,0.61,0.31,0.61,4.6,4.6,4.4,9.1,0.28,0.27,0.56,0.28,0.56,Matches
320,Obite N'Dicka\441197b8,fr FRA,DF,Eint Frankfurt,21,1999,32,32,2857,31.7,4,4,4,0,0,3,0,0.13,0.13,0.25,0.13,0.25,2.6,2.6,1.0,3.6,0.08,0.03,0.11,0.08,0.11,Matches
321,Nikolas Nartey\30261ba1,dk DEN,MFDF,Stuttgart,21,2000,8,4,404,4.5,0,0,0,0,0,1,0,0.00,0.00,0.00,0.00,0.00,0.0,0.0,0.2,0.2,0.01,0.04,0.04,0.01,0.04,Matches
322,Paul Nebel\1b6d8083,de GER,MFFW,Mainz 05,18,2002,10,2,228,2.5,0,1,0,0,0,3,0,0.00,0.39,0.39,0.00,0.39,0.3,0.3,0.2,0.5,0.12,0.09,0.22,0.12,0.22,Matches
323,David Nemeth\da76715c,at AUT,DF,Mainz 05,20,2001,6,2,311,3.5,0,0,0,0,0,0,0,0.00,0.00,0.00,0.00,0.00,0.0,0.0,0.0,0.0,0.00,0.00,0.00,0.00,0.00,Matches
324,Luca Netz\e79269bd,de GER,DF,M'Gladbach,18,2003,24,17,1396,15.5,0,4,0,0,0,1,0,0.00,0.26,0.26,0.00,0.26,1.9,1.9,1.3,3.2,0.12,0.08,0.20,0.12,0.20,Matches
325,Manuel Neuer\8778c910,de GER,GK,Bayern Munich,35,1986,28,28,2510,27.9,0,0,0,0,0,0,0,0.00,0.00,0.00,0.00,0.00,0.0,0.0,0.0,0.0,0.00,0.00,0.00,0.00,0.00,Matches
326,Florian Neuhaus\36a59ba4,de GER,MF,M'Gladbach,24,1997,29,24,2121,23.6,4,4,4,0,0,2,0,0.17,0.17,0.34,0.17,0.34,4.4,4.4,2.1,6.5,0.19,0.09,0.28,0.19,0.28,Matches
327,Jessic Ngankam\bc249af8,de GER,FW,Greuther Fürth,21,2000,6,4,341,3.8,2,1,2,0,0,0,0,0.53,0.26,0.79,0.53,0.79,1.8,1.8,0.1,1.8,0.47,0.02,0.49,0.47,0.49,Matches
328,Moussa Niakhate\00242715,fr FRA,DF,Mainz 05,25,1996,30,29,2567,28.5,4,0,2,2,2,1,0,0.14,0.00,0.14,0.07,0.07,3.7,2.1,0.7,2.8,0.13,0.02,0.15,0.07,0.10,Matches
329,Florian Niederlechner\d6862409,de GER,FW,Augsburg,30,1990,26,13,1165,12.9,5,3,5,0,0,1,0,0.39,0.23,0.62,0.39,0.62,5.4,5.4,0.8,6.2,0.41,0.07,0.48,0.41,0.48,Matches
330,Håvard Nielsen\b18ef366,no NOR,MFFW,Greuther Fürth,28,1993,26,14,1367,15.2,2,0,2,0,0,2,0,0.13,0.00,0.13,0.13,0.13,1.8,1.8,0.4,2.1,0.12,0.02,0.14,0.12,0.14,Matches
331,Joakim Nilsson\c562c5b4,se SWE,DF,Arminia,27,1994,31,31,2735,30.4,2,0,2,0,0,5,0,0.07,0.00,0.07,0.07,0.07,0.2,0.2,0.3,0.5,0.01,0.01,0.02,0.01,0.02,Matches
332,Christopher Nkunku\7c56da38,fr FRA,FWMF,RB Leipzig,23,1997,34,31,2723,30.3,20,13,19,1,1,2,0,0.66,0.43,1.09,0.63,1.06,14.8,14.1,10.0,24.0,0.49,0.33,0.82,0.46,0.79,Matches
333,Lukas Nmecha\0cc5f4a5,de GER,FWMF,Wolfsburg,22,1998,25,18,1627,18.1,8,0,8,0,0,5,0,0.44,0.00,0.44,0.44,0.44,10.0,10.0,2.0,12.0,0.55,0.11,0.66,0.55,0.66,Matches
334,Håvard Nordtveit\6cafd68d,no NOR,DF,Hoffenheim,31,1990,11,1,304,3.4,0,0,0,0,0,1,0,0.00,0.00,0.00,0.00,0.00,0.0,0.0,0.1,0.1,0.01,0.02,0.03,0.01,0.03,Matches
335,Connor Noß\ccc6d365,ie IRL,MF,M'Gladbach,20,2001,3,0,52,0.6,0,0,0,0,0,0,0,0.00,0.00,0.00,0.00,0.00,0.1,0.1,0.0,0.1,0.13,0.07,0.20,0.13,0.20,Matches
336,Hugo Novoa\5458f670,es ESP,MFFW,RB Leipzig,18,2003,8,1,136,1.5,1,0,1,0,0,0,0,0.66,0.00,0.66,0.66,0.66,0.7,0.7,0.0,0.7,0.48,0.01,0.48,0.48,0.48,Matches
337,Soma Novothny\6fb91ea9,hu HUN,FWMF,Bochum,27,1994,6,0,80,0.9,1,0,1,0,0,0,0,1.13,0.00,1.13,1.13,1.13,0.5,0.5,0.0,0.5,0.55,0.00,0.55,0.55,0.55,Matches
338,Kasim Nuhu\93a50d2c,gh GHA,DF,Hoffenheim,26,1995,3,0,5,0.1,0,0,0,0,0,0,0,0.00,0.00,0.00,0.00,0.00,0.1,0.1,0.0,0.1,1.14,0.00,1.14,1.14,1.14,Matches
339,Hans Nunoo Sarpei\9593331d,gh GHA,DFMF,Greuther Fürth,22,1998,8,7,643,7.1,0,0,0,0,0,2,0,0.00,0.00,0.00,0.00,0.00,0.1,0.1,0.0,0.1,0.01,0.00,0.01,0.01,0.01,Matches
340,Bastian Oczipka\d1661819,de GER,DF,Union Berlin,32,1989,18,9,932,10.4,0,1,0,0,0,1,0,0.00,0.10,0.10,0.00,0.10,0.5,0.5,1.7,2.2,0.04,0.16,0.21,0.04,0.21,Matches
341,Masaya Okugawa\63b9cc6d,jp JPN,MFFW,Arminia,25,1996,33,30,2531,28.1,8,1,8,0,0,0,0,0.28,0.04,0.32,0.28,0.32,4.4,4.4,1.3,5.7,0.16,0.05,0.20,0.16,0.20,Matches
342,Mathias Olesen\86adbcc7,lu LUX,MF,Köln,20,2001,3,0,17,0.2,0,0,0,0,0,0,0,0.00,0.00,0.00,0.00,0.00,0.0,0.0,0.0,0.0,0.00,0.24,0.24,0.00,0.24,Matches
343,Dani Olmo\ae44e8e2,es ESP,MF,RB Leipzig,23,1998,19,7,743,8.3,3,3,3,0,0,2,0,0.36,0.36,0.73,0.36,0.73,2.1,2.1,2.2,4.2,0.25,0.27,0.51,0.25,0.51,Matches
344,Karim Onisiwo\f26834c7,at AUT,FW,Mainz 05,29,1992,31,28,2361,26.2,5,8,5,0,0,0,0,0.19,0.30,0.50,0.19,0.50,8.2,8.2,6.2,14.4,0.31,0.24,0.55,0.31,0.55,Matches
345,Willi Orban\20030c06,hu HUN,DF,RB Leipzig,28,1992,30,30,2642,29.4,2,1,2,0,0,1,0,0.07,0.03,0.10,0.07,0.10,2.7,2.7,0.8,3.6,0.09,0.03,0.12,0.09,0.12,Matches
346,Stefan Ortega\c1242d4e,de GER,GK,Arminia,28,1992,33,33,2970,33.0,0,0,0,0,0,1,0,0.00,0.00,0.00,0.00,0.00,0.0,0.0,0.4,0.4,0.00,0.01,0.01,0.00,0.01,Matches
347,Patrick Osterhage\9662c9ec,de GER,MF,Bochum,21,2000,13,6,599,6.7,0,1,0,0,0,2,0,0.00,0.15,0.15,0.00,0.15,0.3,0.3,0.1,0.3,0.04,0.01,0.05,0.04,0.05,Matches
348,Tomáš Ostrák\3ba95f20,cz CZE,FWMF,Köln,21,2000,5,0,31,0.3,0,1,0,0,0,0,0,0.00,2.90,2.90,0.00,2.90,0.1,0.1,0.5,0.5,0.16,1.32,1.49,0.16,1.49,Matches
349,Paulo Otávio\1cbe4984,br BRA,DF,Wolfsburg,26,1994,7,5,362,4.0,0,1,0,0,0,0,0,0.00,0.25,0.25,0.00,0.25,0.4,0.4,0.7,1.1,0.11,0.17,0.27,0.11,0.27,Matches
350,Reece Oxford\8b6e0db2,eng ENG,DF,Augsburg,22,1998,30,30,2693,29.9,2,1,2,0,0,9,0,0.07,0.03,0.10,0.07,0.10,2.1,2.1,0.2,2.3,0.07,0.01,0.08,0.07,0.08,Matches
351,Salih Özcan\15413fa5,tr TUR,MF,Köln,23,1998,31,26,2312,25.7,2,0,2,0,0,5,0,0.08,0.00,0.08,0.08,0.08,2.3,2.3,1.2,3.5,0.09,0.05,0.14,0.09,0.14,Matches
352,Levin Öztunalı\66385c46,de GER,MF,Union Berlin,25,1996,18,5,572,6.4,0,0,0,0,0,0,0,0.00,0.00,0.00,0.00,0.00,0.6,0.6,0.5,1.1,0.10,0.08,0.18,0.10,0.18,Matches
353,Gonçalo Paciência\962e54cb,pt POR,FW,Eint Frankfurt,26,1994,18,4,516,5.7,3,0,2,1,2,3,0,0.52,0.00,0.52,0.35,0.35,3.6,2.1,0.1,2.2,0.62,0.02,0.64,0.36,0.38,Matches
354,Exequiel Palacios\e82adcab,ar ARG,MF,Leverkusen,22,1998,23,12,1097,12.2,2,2,2,0,0,2,0,0.16,0.16,0.33,0.16,0.33,0.5,0.5,1.8,2.3,0.04,0.15,0.19,0.04,0.19,Matches
355,Miloš Pantović\5dc15574,rs SRB,MFFW,Bochum,25,1996,28,18,1533,17.0,4,3,3,1,1,2,0,0.23,0.18,0.41,0.18,0.35,4.8,4.0,3.5,7.5,0.28,0.20,0.49,0.24,0.44,Matches
356,Antonios Papadopoulos\13d23b29,de GER,DFMF,Dortmund,21,1999,2,0,17,0.2,0,0,0,0,0,1,0,0.00,0.00,0.00,0.00,0.00,0.0,0.0,0.0,0.0,0.00,0.00,0.00,0.00,0.00,Matches
357,Matondo-Merveille Papela\b4b08774,de GER,MF,Mainz 05,20,2001,5,0,83,0.9,0,0,0,0,0,0,0,0.00,0.00,0.00,0.00,0.00,0.0,0.0,0.0,0.0,0.03,0.00,0.03,0.03,0.03,Matches
358,Kevin Paredes\5c50fdbc,us USA,FWDF,Wolfsburg,18,2003,2,0,16,0.2,0,0,0,0,0,0,0,0.00,0.00,0.00,0.00,0.00,0.0,0.0,0.0,0.0,0.00,0.00,0.00,0.00,0.00,Matches
359,Felix Passlack\5c899683,de GER,DF,Dortmund,23,1998,10,5,472,5.2,1,0,1,0,0,0,0,0.19,0.00,0.19,0.19,0.19,0.2,0.2,0.2,0.4,0.04,0.03,0.07,0.04,0.07,Matches
360,Paulinho\53070b63,br BRA,FWMF,Leverkusen,21,2000,24,14,1218,13.5,4,1,4,0,0,1,0,0.30,0.07,0.37,0.30,0.37,4.3,4.3,1.6,5.9,0.31,0.12,0.44,0.31,0.44,Matches
361,Benjamin Pavard\45a03961,fr FRA,DF,Bayern Munich,25,1996,25,24,2076,23.1,0,1,0,0,0,2,1,0.00,0.04,0.04,0.00,0.04,1.0,1.0,1.7,2.7,0.05,0.07,0.12,0.05,0.12,Matches
362,Mads Pedersen\582a5247,dk DEN,MFDF,Augsburg,24,1996,29,15,1391,15.5,2,1,2,0,0,5,0,0.13,0.06,0.19,0.13,0.19,0.9,0.9,1.5,2.4,0.06,0.09,0.16,0.06,0.16,Matches
363,Peter Pekarík\c18d22f5,sk SVK,DF,Hertha BSC,34,1986,27,26,2234,24.8,0,0,0,0,0,1,0,0.00,0.00,0.00,0.00,0.00,1.2,1.2,0.5,1.7,0.05,0.02,0.07,0.05,0.07,Matches
364,Philipp Pentke\c41f7379,de GER,GK,Hoffenheim,36,1985,1,1,90,1.0,0,0,0,0,0,0,0,0.00,0.00,0.00,0.00,0.00,0.0,0.0,0.0,0.0,0.00,0.00,0.00,0.00,0.00,Matches
365,Ricardo Pepi\a2b1ed42,us USA,FWMF,Augsburg,18,2003,11,4,477,5.3,0,0,0,0,0,0,0,0.00,0.00,0.00,0.00,0.00,1.0,1.0,0.6,1.6,0.18,0.11,0.29,0.18,0.29,Matches
366,Pavao Pervan\c89e8aae,at AUT,GK,Wolfsburg,33,1987,6,6,540,6.0,0,0,0,0,0,0,0,0.00,0.00,0.00,0.00,0.00,0.0,0.0,0.0,0.0,0.00,0.00,0.00,0.00,0.00,Matches
367,Nils Petersen\f93e6e94,de GER,FWMF,Freiburg,32,1988,22,3,580,6.4,5,1,5,0,0,0,0,0.78,0.16,0.93,0.78,0.93,2.6,2.6,0.6,3.2,0.41,0.09,0.50,0.41,0.50,Matches
368,Jens Petter Hauge\12c35abe,no NOR,FWMF,Eint Frankfurt,21,1999,26,9,1040,11.6,2,2,2,0,0,4,0,0.17,0.17,0.35,0.17,0.35,2.4,2.4,1.0,3.4,0.21,0.09,0.29,0.21,0.29,Matches
369,Immanuel Pherai\f168d9b9,nl NED,MF,Dortmund,20,2001,1,0,1,0.0,0,0,0,0,0,0,0,0.00,0.00,0.00,0.00,0.00,0.0,0.0,0.0,0.0,0.00,0.00,0.00,0.00,0.00,Matches
370,Maximilian Philipp\061e8e23,de GER,MFFW,Wolfsburg,27,1994,22,12,963,10.7,1,4,1,0,0,2,0,0.09,0.37,0.47,0.09,0.47,1.2,1.2,1.3,2.5,0.11,0.12,0.23,0.11,0.23,Matches
371,Krzysztof Piątek\17f3620a,pl POL,FW,Hertha BSC,26,1995,9,4,347,3.9,1,0,1,0,0,0,0,0.26,0.00,0.26,0.26,0.26,1.6,1.6,0.0,1.6,0.41,0.00,0.41,0.41,0.41,Matches
372,Amos Pieper\526ea7cc,de GER,DF,Arminia,23,1998,27,27,2379,26.4,0,0,0,0,0,2,0,0.00,0.00,0.00,0.00,0.00,0.9,0.9,0.4,1.3,0.03,0.02,0.05,0.03,0.05,Matches
373,Marvin Plattenhardt\f7aa75bd,de GER,DF,Hertha BSC,29,1992,21,19,1637,18.2,0,3,0,0,0,3,0,0.00,0.16,0.16,0.00,0.16,0.5,0.5,3.6,4.1,0.03,0.20,0.22,0.03,0.22,Matches
374,Alassane Pléa\bc6bd723,fr FRA,FWMF,M'Gladbach,28,1993,33,24,2070,23.0,10,6,7,3,3,4,0,0.43,0.26,0.70,0.30,0.57,8.2,5.9,7.4,13.4,0.36,0.32,0.68,0.26,0.58,Matches
375,Joel Pohjanpalo\ea003d07,fi FIN,FW,Leverkusen,26,1994,2,0,12,0.1,0,0,0,0,0,0,0,0.00,0.00,0.00,0.00,0.00,0.0,0.0,0.0,0.0,0.00,0.00,0.00,0.00,0.00,Matches
376,Sebastian Polter\3745e8bd,de GER,FW,Bochum,30,1991,33,27,2341,26.0,10,1,9,1,2,2,0,0.38,0.04,0.42,0.35,0.38,9.1,7.6,2.5,10.1,0.35,0.10,0.45,0.29,0.39,Matches
377,Marin Pongračić\2a6cd437,hr CRO,DF,Dortmund,23,1997,17,9,827,9.2,0,0,0,0,0,3,0,0.00,0.00,0.00,0.00,0.00,0.0,0.0,0.0,0.0,0.00,0.00,0.00,0.00,0.00,Matches
378,Stefan Posch\7f609bfc,at AUT,DF,Hoffenheim,24,1997,28,26,2199,24.4,2,0,2,0,0,5,0,0.08,0.00,0.08,0.08,0.08,1.3,1.3,0.5,1.8,0.05,0.02,0.07,0.05,0.07,Matches
379,Yussuf Poulsen\d2416c2e,dk DEN,FW,RB Leipzig,27,1994,25,12,1079,12.0,6,0,6,0,0,2,0,0.50,0.00,0.50,0.50,0.50,5.1,5.1,2.2,7.4,0.43,0.19,0.61,0.43,0.61,Matches
380,Manuel Prietl\901c0f97,at AUT,MF,Arminia,29,1991,26,23,2123,23.6,0,1,0,0,0,3,0,0.00,0.04,0.04,0.00,0.04,1.1,1.1,0.8,1.8,0.05,0.03,0.08,0.05,0.08,Matches
381,Grischa Prömel\924f9191,de GER,MF,Union Berlin,26,1995,29,28,2422,26.9,8,1,8,0,0,4,0,0.30,0.04,0.33,0.30,0.33,6.6,6.6,0.8,7.4,0.25,0.03,0.28,0.25,0.28,Matches
382,Nick Proschwitz\9cf4fd68,de GER,FW,Hoffenheim,34,1986,1,0,27,0.3,0,0,0,0,0,0,0,0.00,0.00,0.00,0.00,0.00,0.3,0.3,0.0,0.3,0.83,0.00,0.83,0.83,0.83,Matches
383,Afimico Pululu\32c016f8,fr FRA,FW,Greuther Fürth,22,1999,8,0,70,0.8,0,0,0,0,0,0,0,0.00,0.00,0.00,0.00,0.00,0.0,0.0,0.0,0.0,0.03,0.00,0.03,0.03,0.03,Matches
384,Sidney Raebiger\a8090a41,de GER,MF,RB Leipzig,16,2005,1,0,4,0.0,0,0,0,0,0,0,0,0.00,0.00,0.00,0.00,0.00,0.0,0.0,0.0,0.0,0.00,0.00,0.00,0.00,0.00,Matches
385,Diant Ramaj\b90c4a43,de GER,GK,Eint Frankfurt,19,2001,1,1,90,1.0,0,0,0,0,0,0,0,0.00,0.00,0.00,0.00,0.00,0.0,0.0,0.0,0.0,0.00,0.00,0.00,0.00,0.00,Matches
386,Guilherme Ramos\df9c3473,pt POR,DF,Arminia,23,1997,13,9,906,10.1,0,0,0,0,0,1,0,0.00,0.00,0.00,0.00,0.00,0.2,0.2,0.1,0.3,0.02,0.01,0.03,0.02,0.03,Matches
387,Tobias Raschl\bd992863,de GER,MF,Greuther Fürth,21,2000,10,7,597,6.6,0,1,0,0,0,0,0,0.00,0.15,0.15,0.00,0.15,0.2,0.2,0.0,0.2,0.02,0.01,0.03,0.02,0.03,Matches
388,David Raum\7d450ed3,de GER,DF,Hoffenheim,23,1998,32,31,2757,30.6,3,11,3,0,0,5,0,0.10,0.36,0.46,0.10,0.46,1.5,1.5,10.1,11.6,0.05,0.33,0.38,0.05,0.38,Matches
389,Reinier\6b21b7b5,br BRA,FWMF,Dortmund,19,2002,13,1,162,1.8,0,0,0,0,0,0,0,0.00,0.00,0.00,0.00,0.00,0.1,0.1,0.0,0.1,0.06,0.00,0.06,0.06,0.06,Matches
390,Panagiotis Retsos\4bd00a50,gr GRE,DFFW,Leverkusen,22,1998,4,0,32,0.4,0,0,0,0,0,0,0,0.00,0.00,0.00,0.00,0.00,0.0,0.0,0.0,0.0,0.08,0.00,0.08,0.08,0.08,Matches
391,Marco Reus\36a3ff67,de GER,MFFW,Dortmund,32,1989,29,29,2503,27.8,9,13,9,0,0,2,0,0.32,0.47,0.79,0.32,0.79,10.8,10.8,7.8,18.6,0.39,0.28,0.67,0.39,0.67,Matches
392,Elvis Rexhbeçaj\1ae836b1,de GER,MF,Bochum,23,1997,32,30,2542,28.2,0,0,0,0,0,5,0,0.00,0.00,0.00,0.00,0.00,1.4,1.4,1.2,2.6,0.05,0.04,0.09,0.05,0.09,Matches
393,Gio Reyna\7fa4e703,us USA,MF,Dortmund,18,2002,10,6,439,4.9,2,1,2,0,0,0,0,0.41,0.21,0.62,0.41,0.62,1.5,1.5,1.6,3.1,0.32,0.32,0.64,0.32,0.64,Matches
394,Chris Richards\0a3d6d2b,us USA,DF,Hoffenheim,21,2000,19,13,1304,14.5,1,1,1,0,0,1,0,0.07,0.07,0.14,0.07,0.14,1.3,1.3,0.6,1.8,0.09,0.04,0.12,0.09,0.12,Matches
395,Chris Richards\0a3d6d2b,us USA,DF,Bayern Munich,21,2000,1,0,3,0.0,0,0,0,0,0,0,0,0.00,0.00,0.00,0.00,0.00,0.0,0.0,0.0,0.0,0.00,0.00,0.00,0.00,0.00,Matches
396,Omar Richards\f9b1b7bf,eng ENG,DF,Bayern Munich,23,1998,12,5,438,4.9,0,0,0,0,0,1,0,0.00,0.00,0.00,0.00,0.00,0.6,0.6,0.2,0.8,0.12,0.04,0.16,0.12,0.16,Matches
397,Marco Richter\f972644c,de GER,FWMF,Hertha BSC,23,1997,30,19,1704,18.9,5,1,5,0,0,6,0,0.26,0.05,0.32,0.26,0.32,3.1,3.1,1.5,4.7,0.16,0.08,0.25,0.16,0.25,Matches
398,Manuel Riemann\9f941969,de GER,GK,Bochum,32,1988,31,31,2790,31.0,0,1,0,0,1,2,0,0.00,0.03,0.03,0.00,0.03,0.8,0.0,0.7,0.7,0.02,0.02,0.05,0.00,0.02,Matches
399,Marc Roca\da27e268,es ESP,MF,Bayern Munich,24,1996,9,4,379,4.2,0,0,0,0,0,0,0,0.00,0.00,0.00,0.00,0.00,0.2,0.2,0.4,0.6,0.04,0.09,0.13,0.04,0.13,Matches
400,Cimo Röcker\611b1aae,de GER,DF,Hertha BSC,27,1994,1,0,22,0.2,0,0,0,0,0,0,0,0.00,0.00,0.00,0.00,0.00,0.0,0.0,0.3,0.3,0.00,1.40,1.40,0.00,1.40,Matches
401,Sebastian Rode\e12b0b5b,de GER,MF,Eint Frankfurt,30,1990,17,10,759,8.4,1,0,1,0,0,1,0,0.12,0.00,0.12,0.12,0.12,0.8,0.8,0.8,1.6,0.10,0.09,0.19,0.10,0.19,Matches
402,Romario Rösch\87ebfdb8,de GER,MF,Mainz 05,22,1999,1,0,1,0.0,0,0,0,0,0,0,0,0.00,0.00,0.00,0.00,0.00,0.0,0.0,0.0,0.0,0.00,0.00,0.00,0.00,0.00,Matches
403,Tom Rothe\90c1f9a4,de GER,DF,Dortmund,16,2004,2,1,94,1.0,1,0,1,0,0,1,0,0.96,0.00,0.96,0.96,0.96,0.2,0.2,0.1,0.2,0.16,0.07,0.23,0.16,0.23,Matches
404,Jérôme Roussillon\13203c45,fr FRA,DF,Wolfsburg,28,1993,26,18,1775,19.7,1,0,1,0,0,5,0,0.05,0.00,0.05,0.05,0.05,1.0,1.0,1.3,2.4,0.05,0.07,0.12,0.05,0.12,Matches
405,Sebastian Rudy\80f36c88,de GER,MF,Hoffenheim,31,1990,21,7,773,8.6,3,1,3,0,0,5,0,0.35,0.12,0.47,0.35,0.47,2.0,2.0,0.5,2.4,0.23,0.05,0.28,0.23,0.28,Matches
406,Georginio Rutter\c64c01fc,fr FRA,FWMF,Hoffenheim,19,2002,33,13,1611,17.9,8,2,8,0,0,2,0,0.45,0.11,0.56,0.45,0.56,6.6,6.6,3.0,9.6,0.37,0.17,0.54,0.37,0.54,Matches
407,Julian Ryerson\009a4f60,no NOR,DF,Union Berlin,23,1997,28,13,1429,15.9,2,0,2,0,0,3,0,0.13,0.00,0.13,0.13,0.13,1.6,1.6,1.9,3.5,0.10,0.12,0.22,0.10,0.22,Matches
408,Frederik Rønnow\a70b8345,dk DEN,GK,Union Berlin,28,1992,7,7,630,7.0,0,0,0,0,0,1,0,0.00,0.00,0.00,0.00,0.00,0.0,0.0,0.0,0.0,0.00,0.00,0.00,0.00,0.00,Matches
409,Marcel Sabitzer\e280527c,at AUT,MFDF,Bayern Munich,27,1994,25,8,905,10.1,1,1,1,0,0,0,0,0.10,0.10,0.20,0.10,0.20,1.7,1.7,1.7,3.4,0.17,0.17,0.34,0.17,0.34,Matches
410,Marcel Sabitzer\e280527c,at AUT,MFFW,RB Leipzig,27,1994,2,0,49,0.5,0,0,0,0,0,1,0,0.00,0.00,0.00,0.00,0.00,0.0,0.0,0.0,0.0,0.09,0.00,0.09,0.09,0.09,Matches
411,Roland Sallai\bf075f6b,hu HUN,MFFW,Freiburg,24,1997,31,18,1551,17.2,4,4,4,0,0,1,0,0.23,0.23,0.46,0.23,0.46,5.6,5.6,3.9,9.4,0.32,0.22,0.55,0.32,0.55,Matches
412,Diadie Samassékou\08593525,ml MLI,MF,Hoffenheim,25,1996,24,21,1655,18.4,2,0,2,0,0,7,0,0.11,0.00,0.11,0.11,0.11,1.2,1.2,0.6,1.8,0.06,0.03,0.10,0.06,0.10,Matches
413,Leroy Sané\2b114be3,de GER,FWMF,Bayern Munich,25,1996,32,22,1976,22.0,7,7,7,0,0,3,0,0.32,0.32,0.64,0.32,0.64,9.8,9.8,6.0,15.8,0.45,0.27,0.72,0.45,0.72,Matches
414,Mohamed Sankoh\be625686,nl NED,FW,Stuttgart,17,2003,1,0,4,0.0,0,0,0,0,0,0,0,0.00,0.00,0.00,0.00,0.00,0.2,0.2,0.0,0.2,3.65,0.00,3.65,3.65,3.65,Matches
415,Baptiste Santamaria\5e22e2a4,fr FRA,MF,Freiburg,26,1995,1,0,21,0.2,0,0,0,0,0,0,0,0.00,0.00,0.00,0.00,0.00,0.0,0.0,0.0,0.0,0.00,0.00,0.00,0.00,0.00,Matches
416,Bouna Sarr\1a4b9094,sn SEN,DF,Bayern Munich,29,1992,5,0,64,0.7,0,0,0,0,0,0,0,0.00,0.00,0.00,0.00,0.00,0.0,0.0,0.0,0.0,0.07,0.00,0.07,0.07,0.07,Matches
417,Joseph Scally\236f02cd,us USA,DF,M'Gladbach,18,2002,30,20,1909,21.2,1,2,1,0,0,4,0,0.05,0.09,0.14,0.05,0.14,1.3,1.3,1.4,2.7,0.06,0.06,0.13,0.06,0.13,Matches
418,Kevin Schade\52afb588,de GER,FWMF,Freiburg,19,2001,21,7,831,9.2,4,1,4,0,0,2,0,0.43,0.11,0.54,0.43,0.54,2.3,2.2,0.7,2.8,0.25,0.07,0.32,0.23,0.31,Matches
419,András Schäfer\049751d7,hu HUN,MF,Union Berlin,22,1999,8,1,239,2.7,1,1,1,0,0,2,0,0.38,0.38,0.75,0.38,0.75,0.8,0.8,0.2,1.0,0.31,0.07,0.38,0.31,0.38,Matches
420,Louis Schaub\b50ec54b,at AUT,MFFW,Köln,26,1994,28,6,654,7.3,1,2,1,0,0,0,0,0.14,0.28,0.41,0.14,0.41,1.1,1.1,1.4,2.5,0.15,0.19,0.34,0.15,0.34,Matches
421,Patrik Schick\5d4f7d61,cz CZE,FW,Leverkusen,25,1996,27,26,2076,23.1,24,3,23,1,2,0,0,1.04,0.13,1.17,1.00,1.13,17.8,16.3,2.4,18.7,0.77,0.11,0.88,0.71,0.81,Matches
422,Kingsley Schindler\bd527260,de GER,DFMF,Köln,28,1993,18,1,349,3.9,1,2,1,0,0,1,0,0.26,0.52,0.77,0.26,0.77,0.5,0.5,1.1,1.6,0.13,0.28,0.42,0.13,0.42,Matches
423,Xaver Schlager\8f056768,at AUT,MF,Wolfsburg,23,1997,14,13,1040,11.6,0,1,0,0,0,2,0,0.00,0.09,0.09,0.00,0.09,0.4,0.4,0.5,0.9,0.03,0.05,0.08,0.03,0.08,Matches
424,Keven Schlotterbeck\f6bdc830,de GER,DF,Freiburg,24,1997,12,3,315,3.5,0,0,0,0,0,1,0,0.00,0.00,0.00,0.00,0.00,0.1,0.1,0.0,0.1,0.02,0.00,0.02,0.02,0.02,Matches
425,Nico Schlotterbeck\34e12499,de GER,DF,Freiburg,21,1999,32,32,2785,30.9,4,1,4,0,0,5,0,0.13,0.03,0.16,0.13,0.16,3.9,3.9,1.5,5.4,0.13,0.05,0.17,0.13,0.17,Matches
426,Jonathan Schmid\088ca1bd,fr FRA,DF,Freiburg,31,1990,13,6,588,6.5,0,1,0,0,0,0,0,0.00,0.15,0.15,0.00,0.15,0.1,0.1,0.6,0.8,0.02,0.10,0.12,0.02,0.12,Matches
427,Benno Schmitz\ad00b1a8,de GER,DF,Köln,26,1994,31,29,2421,26.9,0,5,0,0,0,5,0,0.00,0.19,0.19,0.00,0.19,0.4,0.4,4.3,4.7,0.02,0.16,0.18,0.02,0.18,Matches
428,Alessandro Schöpf\106bca06,at AUT,MF,Arminia,27,1994,31,27,2397,26.6,1,0,1,0,0,3,1,0.04,0.00,0.04,0.04,0.04,2.4,2.4,2.7,5.1,0.09,0.10,0.19,0.09,0.19,Matches
429,Nico Schulz\fa274d97,de GER,DF,Dortmund,28,1993,16,9,836,9.3,0,2,0,0,0,2,0,0.00,0.22,0.22,0.00,0.22,0.3,0.3,0.9,1.2,0.03,0.10,0.13,0.03,0.13,Matches
430,Marvin Schwäbe\87436846,de GER,GK,Köln,26,1995,21,21,1890,21.0,0,0,0,0,0,1,0,0.00,0.00,0.00,0.00,0.00,0.0,0.0,0.0,0.0,0.00,0.00,0.00,0.00,0.00,Matches
431,Alexander Schwolow\0d55d942,de GER,GK,Hertha BSC,29,1992,25,25,2175,24.2,0,0,0,0,0,1,0,0.00,0.00,0.00,0.00,0.00,0.0,0.0,0.0,0.0,0.00,0.00,0.00,0.00,0.00,Matches
432,Paul Seguin\8872ed17,de GER,MF,Greuther Fürth,26,1995,27,23,2108,23.4,0,3,0,0,0,9,0,0.00,0.13,0.13,0.00,0.13,0.4,0.4,1.9,2.4,0.02,0.08,0.10,0.02,0.10,Matches
433,Davie Selke\1238a3f9,de GER,FW,Hertha BSC,26,1995,25,10,1004,11.2,4,0,3,1,1,2,0,0.36,0.00,0.36,0.27,0.27,3.1,2.4,0.6,3.0,0.28,0.06,0.34,0.21,0.27,Matches
434,Lion Semić\87ebd8c9,de GER,DF,Dortmund,17,2003,1,0,3,0.0,0,0,0,0,0,0,0,0.00,0.00,0.00,0.00,0.00,0.0,0.0,0.0,0.0,0.00,0.00,0.00,0.00,0.00,Matches
435,Suat Serdar\b3325a30,de GER,MFFW,Hertha BSC,24,1997,30,27,2218,24.6,3,0,3,0,0,6,0,0.12,0.00,0.12,0.12,0.12,2.4,2.4,1.5,3.9,0.10,0.06,0.16,0.10,0.16,Matches
436,Janni Serra\40b58bfc,de GER,FW,Arminia,23,1998,26,15,1117,12.4,3,2,3,0,0,1,0,0.24,0.16,0.40,0.24,0.40,3.0,3.0,0.9,3.9,0.24,0.07,0.31,0.24,0.31,Matches
437,Zidan Sertdemir\eec1f7f4,dk DEN,MFFW,Leverkusen,16,2005,3,0,18,0.2,0,0,0,0,0,0,0,0.00,0.00,0.00,0.00,0.00,0.0,0.0,0.0,0.0,0.00,0.14,0.14,0.00,0.14,Matches
438,Nils Seufert\0da32a38,de GER,MF,Greuther Fürth,24,1997,4,1,99,1.1,0,0,0,0,0,0,0,0.00,0.00,0.00,0.00,0.00,0.0,0.0,0.0,0.0,0.00,0.00,0.00,0.00,0.00,Matches
439,Kiliann Sildillia\313254a3,fr FRA,DF,Freiburg,19,2002,7,1,169,1.9,0,0,0,0,0,1,0,0.00,0.00,0.00,0.00,0.00,0.0,0.0,0.2,0.2,0.00,0.09,0.09,0.00,0.09,Matches
440,André Silva\3effaa34,pt POR,FW,RB Leipzig,25,1995,33,24,2076,23.1,11,3,8,3,3,1,0,0.48,0.13,0.61,0.35,0.48,12.2,10.3,2.5,12.9,0.53,0.11,0.64,0.45,0.56,Matches
441,Mohamed Simakan\fcb27134,fr FRA,DF,RB Leipzig,21,2000,28,23,2009,22.3,1,0,1,0,0,5,0,0.04,0.00,0.04,0.04,0.04,0.9,0.9,0.3,1.2,0.04,0.01,0.05,0.04,0.05,Matches
442,Daley Sinkgraven\73000a79,nl NED,DF,Leverkusen,26,1995,12,3,351,3.9,0,0,0,0,0,0,0,0.00,0.00,0.00,0.00,0.00,0.3,0.3,0.6,0.9,0.07,0.15,0.22,0.07,0.22,Matches
443,Tobias Sippel\0d8a37c2,de GER,GK,M'Gladbach,33,1988,1,1,90,1.0,0,0,0,0,0,0,0,0.00,0.00,0.00,0.00,0.00,0.0,0.0,0.0,0.0,0.00,0.00,0.00,0.00,0.00,Matches
444,Hugo Siquet\c6cf860f,be BEL,DF,Freiburg,19,2002,1,0,22,0.2,0,0,0,0,0,0,0,0.00,0.00,0.00,0.00,0.00,0.0,0.0,0.0,0.0,0.00,0.00,0.00,0.00,0.00,Matches
445,Ellyes Skhiri\c2211709,tn TUN,MF,Köln,26,1995,22,20,1820,20.2,4,1,4,0,0,3,0,0.20,0.05,0.25,0.20,0.25,3.3,3.3,0.6,3.9,0.16,0.03,0.19,0.16,0.19,Matches
446,Robert Skov\ff98492b,dk DEN,DFFW,Hoffenheim,25,1996,12,3,368,4.1,0,1,0,0,0,1,0,0.00,0.24,0.24,0.00,0.24,0.8,0.8,1.4,2.2,0.19,0.34,0.53,0.19,0.53,Matches
447,Danilo Soares\c05f2f8c,br BRA,DF,Bochum,29,1991,30,30,2564,28.5,0,1,0,0,0,4,0,0.00,0.04,0.04,0.00,0.04,0.5,0.5,1.2,1.8,0.02,0.04,0.06,0.02,0.06,Matches
448,Yann Sommer\420c18a1,ch SUI,GK,M'Gladbach,32,1988,33,33,2970,33.0,0,1,0,0,0,2,0,0.00,0.03,0.03,0.00,0.03,0.0,0.0,0.3,0.3,0.00,0.01,0.01,0.00,0.01,Matches
449,Borna Sosa\af0d79a9,hr CRO,DF,Stuttgart,23,1998,28,28,2498,27.8,1,8,1,0,0,4,0,0.04,0.29,0.32,0.04,0.32,0.9,0.9,5.9,6.7,0.03,0.21,0.24,0.03,0.24,Matches
450,Djibril Sow\4c6facae,ch SUI,MF,Eint Frankfurt,24,1997,31,28,2415,26.8,2,3,2,0,0,5,0,0.07,0.11,0.19,0.07,0.19,0.6,0.6,2.2,2.8,0.02,0.08,0.10,0.02,0.10,Matches
451,Jerry St. Juste\90339309,nl NED,DF,Mainz 05,24,1996,8,7,604,6.7,1,0,1,0,0,0,0,0.15,0.00,0.15,0.15,0.15,0.9,0.9,0.1,1.0,0.13,0.02,0.15,0.13,0.15,Matches
452,Anton Stach\0f59a7bf,de GER,MF,Mainz 05,22,1998,29,20,1861,20.7,1,6,1,0,0,6,0,0.05,0.29,0.34,0.05,0.34,1.7,1.7,3.3,5.0,0.08,0.16,0.24,0.08,0.24,Matches
453,Kostas Stafylidis\861e0116,gr GRE,DFMF,Bochum,27,1993,24,15,1388,15.4,0,1,0,0,0,3,1,0.00,0.06,0.06,0.00,0.06,0.5,0.5,0.9,1.3,0.03,0.06,0.09,0.03,0.09,Matches
454,Josip Stanišić\7ed08d5c,hr CRO,DF,Bayern Munich,21,2000,13,6,644,7.2,1,0,1,0,0,1,0,0.14,0.00,0.14,0.14,0.14,0.3,0.3,0.1,0.4,0.04,0.02,0.06,0.04,0.06,Matches
455,Niklas Stark\aad48be9,de GER,DFMF,Hertha BSC,26,1995,26,22,2031,22.6,1,0,1,0,0,3,0,0.04,0.00,0.04,0.04,0.04,0.8,0.8,0.3,1.0,0.03,0.01,0.05,0.03,0.05,Matches
456,Renato Steffen\dd669209,ch SUI,FWMF,Wolfsburg,29,1991,20,13,967,10.7,0,1,0,0,0,6,0,0.00,0.09,0.09,0.00,0.09,1.3,1.3,1.2,2.4,0.12,0.11,0.23,0.12,0.23,Matches
457,Pascal Stenzel\99f7e9aa,de GER,DF,Stuttgart,25,1996,16,9,899,10.0,0,0,0,0,0,1,0,0.00,0.00,0.00,0.00,0.00,0.3,0.3,0.2,0.5,0.03,0.02,0.05,0.03,0.05,Matches
458,Angelo Stiller\3b1ed320,de GER,MF,Hoffenheim,20,2001,26,18,1693,18.8,2,1,2,0,0,1,0,0.11,0.05,0.16,0.11,0.16,1.0,1.0,1.1,2.1,0.05,0.06,0.11,0.05,0.11,Matches
459,Lars Stindl\7cd6badb,de GER,MFFW,M'Gladbach,32,1988,26,20,1629,18.1,4,5,4,0,2,10,0,0.22,0.28,0.50,0.22,0.50,6.4,4.9,3.4,8.3,0.35,0.19,0.54,0.27,0.46,Matches
460,Kevin Stöger\e5649a78,at AUT,MFFW,Mainz 05,27,1993,23,1,419,4.7,1,1,1,0,0,3,0,0.21,0.21,0.43,0.21,0.43,1.6,1.6,1.5,3.1,0.35,0.32,0.67,0.35,0.67,Matches
461,Tobias Strobl\17780d2b,de GER,MFDF,Augsburg,31,1990,5,4,323,3.6,0,0,0,0,0,1,0,0.00,0.00,0.00,0.00,0.00,0.1,0.1,0.0,0.1,0.03,0.00,0.03,0.03,0.03,Matches
462,Niklas Süle\e33c06cf,de GER,DF,Bayern Munich,25,1995,28,19,1837,20.4,1,2,1,0,0,2,0,0.05,0.10,0.15,0.05,0.15,1.4,1.4,1.0,2.4,0.07,0.05,0.12,0.07,0.12,Matches
463,Ádám Szalai\53e07d0b,hu HUN,FW,Mainz 05,33,1987,12,2,260,2.9,1,0,1,0,0,1,0,0.35,0.00,0.35,0.35,0.35,1.0,1.0,0.5,1.5,0.33,0.18,0.51,0.33,0.51,Matches
464,Dominik Szoboszlai\934e1968,hu HUN,MFFW,RB Leipzig,20,2000,31,15,1543,17.1,6,8,6,0,1,2,0,0.35,0.47,0.82,0.35,0.82,4.8,4.1,5.1,9.2,0.28,0.30,0.58,0.24,0.54,Matches
465,Jonathan Tah\bd142efb,de GER,DF,Leverkusen,25,1996,33,33,2878,32.0,2,2,2,0,0,4,0,0.06,0.06,0.13,0.06,0.13,1.1,1.1,1.0,2.2,0.04,0.03,0.07,0.04,0.07,Matches
466,Edmond Tapsoba\a73c8f95,bf BFA,DF,Leverkusen,22,1999,22,19,1814,20.2,1,0,1,0,0,1,0,0.05,0.00,0.05,0.05,0.05,0.4,0.4,0.0,0.4,0.02,0.00,0.02,0.02,0.02,Matches
467,Niklas Tauer\27270af4,de GER,DFMF,Mainz 05,20,2001,11,6,487,5.4,0,0,0,0,0,1,1,0.00,0.00,0.00,0.00,0.00,0.2,0.2,0.0,0.2,0.05,0.00,0.05,0.05,0.05,Matches
468,Robert Tesche\037130ca,de GER,MF,Bochum,34,1987,11,5,349,3.9,0,0,0,0,0,2,1,0.00,0.00,0.00,0.00,0.00,0.1,0.1,0.0,0.1,0.02,0.00,0.02,0.02,0.02,Matches
469,Cedric Teuchert\f956479d,de GER,MFFW,Union Berlin,24,1997,6,0,105,1.2,0,0,0,0,0,0,0,0.00,0.00,0.00,0.00,0.00,0.2,0.2,0.1,0.3,0.19,0.06,0.25,0.19,0.25,Matches
470,Jan Thielmann\fd53759d,de GER,MFFW,Köln,19,2002,29,10,1192,13.2,3,3,3,0,0,6,0,0.23,0.23,0.45,0.23,0.45,1.4,1.4,2.2,3.6,0.10,0.17,0.27,0.10,0.27,Matches
471,Erik Thommy\df8e7b62,de GER,DFFW,Stuttgart,26,1994,11,1,274,3.0,0,0,0,0,0,0,0,0.00,0.00,0.00,0.00,0.00,0.4,0.4,0.5,0.9,0.14,0.15,0.29,0.14,0.29,Matches
472,Marcus Thuram\6f8cd6d0,fr FRA,FWMF,M'Gladbach,23,1997,21,9,979,10.9,3,0,3,0,0,2,0,0.28,0.00,0.28,0.28,0.28,5.4,5.4,1.5,7.0,0.50,0.14,0.64,0.50,0.64,Matches
473,Alexis Tibidi\ca6f4846,fr FRA,FWMF,Stuttgart,17,2003,13,2,385,4.3,0,0,0,0,0,1,0,0.00,0.00,0.00,0.00,0.00,0.3,0.3,0.3,0.7,0.08,0.08,0.16,0.08,0.16,Matches
474,Steffen Tigges\6b8887c2,de GER,FWMF,Dortmund,23,1998,9,0,112,1.2,3,0,3,0,0,0,0,2.41,0.00,2.41,2.41,2.41,1.0,1.0,0.2,1.2,0.79,0.19,0.99,0.79,0.99,Matches
475,Malik Tillman\a5420709,de GER,FWMF,Bayern Munich,19,2002,4,1,104,1.2,0,0,0,0,0,0,0,0.00,0.00,0.00,0.00,0.00,0.2,0.2,0.4,0.6,0.18,0.36,0.55,0.18,0.55,Matches
476,Timothy Tillman\a5bea1fb,de GER,MF,Greuther Fürth,22,1999,29,23,2004,22.3,1,2,1,0,0,3,0,0.04,0.09,0.13,0.04,0.13,1.6,1.6,2.2,3.9,0.07,0.10,0.17,0.07,0.17,Matches
477,Umut Tohumcu\e547d3cf,de GER,MF,Hoffenheim,16,2004,1,0,5,0.1,0,0,0,0,0,0,0,0.00,0.00,0.00,0.00,0.00,0.0,0.0,0.0,0.0,0.00,0.00,0.00,0.00,0.00,Matches
478,Corentin Tolisso\652d4c37,fr FRA,MF,Bayern Munich,26,1994,15,8,703,7.8,2,1,2,0,0,0,0,0.26,0.13,0.38,0.26,0.38,1.3,1.3,1.8,3.1,0.17,0.23,0.40,0.17,0.40,Matches
479,Tiago Tomás\b492126a,pt POR,FW,Stuttgart,19,2002,14,13,1075,11.9,4,0,4,0,0,2,0,0.33,0.00,0.33,0.33,0.33,3.7,3.7,0.9,4.5,0.31,0.07,0.38,0.31,0.38,Matches
480,Jordan Torunarigha\f86cabbd,de GER,DF,Hertha BSC,23,1997,7,6,483,5.4,0,1,0,0,0,1,0,0.00,0.19,0.19,0.00,0.19,0.2,0.2,0.0,0.2,0.04,0.01,0.05,0.04,0.05,Matches
481,Almamy Touré\c8c60119,ml MLI,DF,Eint Frankfurt,25,1996,10,5,506,5.6,0,0,0,0,0,2,0,0.00,0.00,0.00,0.00,0.00,0.8,0.8,0.0,0.8,0.15,0.00,0.15,0.15,0.15,Matches
482,Lucas Tousart\71ec39ef,fr FRA,MF,Hertha BSC,24,1997,30,22,1962,21.8,2,0,2,0,0,3,0,0.09,0.00,0.09,0.09,0.09,1.8,1.8,0.9,2.6,0.08,0.04,0.12,0.08,0.12,Matches
483,Kevin Trapp\ce17b5eb,de GER,GK,Eint Frankfurt,31,1990,32,32,2880,32.0,0,0,0,0,0,2,0,0.00,0.00,0.00,0.00,0.00,0.0,0.0,0.0,0.0,0.00,0.00,0.00,0.00,0.00,Matches
484,Christopher Trimmel\056d2d95,at AUT,DF,Union Berlin,34,1987,25,23,1990,22.1,2,0,2,0,0,5,0,0.09,0.00,0.09,0.09,0.09,1.8,1.8,2.1,3.9,0.08,0.09,0.17,0.08,0.17,Matches
485,Philipp Tschauner\73e2f6eb,de GER,GK,RB Leipzig,35,1985,1,0,3,0.0,0,0,0,0,0,0,0,0.00,0.00,0.00,0.00,0.00,0.0,0.0,0.0,0.0,0.00,0.00,0.00,0.00,0.00,Matches
486,Tuta\35d64857,br BRA,DF,Eint Frankfurt,22,1999,26,26,2183,24.3,4,0,4,0,0,4,1,0.16,0.00,0.16,0.16,0.16,2.4,2.4,0.1,2.6,0.10,0.00,0.11,0.10,0.11,Matches
487,Anthony Ujah\99be8fb5,ng NGA,FWMF,Union Berlin,30,1990,3,0,35,0.4,0,0,0,0,0,0,0,0.00,0.00,0.00,0.00,0.00,0.2,0.2,0.0,0.2,0.63,0.00,0.63,0.63,0.63,Matches
488,Sven Ulreich\7d3e7da6,de GER,GK,Bayern Munich,32,1988,6,6,540,6.0,0,0,0,0,0,0,0,0.00,0.00,0.00,0.00,0.00,0.0,0.0,0.0,0.0,0.00,0.00,0.00,0.00,0.00,Matches
489,Dayot Upamecano\d248cd8f,fr FRA,DF,Bayern Munich,22,1998,28,25,2211,24.6,1,6,1,0,0,4,0,0.04,0.24,0.28,0.04,0.28,0.8,0.8,1.4,2.1,0.03,0.06,0.09,0.03,0.09,Matches
490,Benjamin Uphoff\a9a6fc08,de GER,GK,Freiburg,27,1993,2,2,180,2.0,0,0,0,0,0,0,0,0.00,0.00,0.00,0.00,0.00,0.0,0.0,0.0,0.0,0.00,0.00,0.00,0.00,0.00,Matches
491,Mark Uth\a3ddb1b9,de GER,MFFW,Köln,29,1991,30,24,2025,22.5,5,8,5,0,0,3,0,0.22,0.36,0.58,0.22,0.58,5.8,5.8,5.4,11.2,0.26,0.24,0.50,0.26,0.50,Matches
492,Ruben Vargas\6ecbddf6,ch SUI,MFFW,Augsburg,22,1998,29,26,1984,22.0,1,3,1,0,0,4,0,0.05,0.14,0.18,0.05,0.18,4.1,4.1,2.5,6.6,0.19,0.11,0.30,0.19,0.30,Matches
493,Sebastian Vasiliadis\d3112d86,gr GRE,MF,Arminia,23,1997,19,16,1193,13.3,0,0,0,0,0,3,0,0.00,0.00,0.00,0.00,0.00,0.4,0.4,0.3,0.7,0.03,0.02,0.05,0.03,0.05,Matches
494,Mickey van de Ven\8fe2a392,nl NED,DF,Wolfsburg,20,2001,5,2,189,2.1,0,1,0,0,0,0,0,0.00,0.48,0.48,0.00,0.48,0.0,0.0,0.7,0.7,0.00,0.35,0.35,0.00,0.35,Matches
495,Vincent Vermeij\7e629adc,nl NED,MF,Freiburg,26,1994,1,0,3,0.0,0,0,0,0,0,0,0,0.00,0.00,0.00,0.00,0.00,0.0,0.0,0.0,0.0,0.00,0.00,0.00,0.00,0.00,Matches
496,Gabriel Vidovic\5360a956,hr CRO,MF,Bayern Munich,17,2003,3,0,36,0.4,0,0,0,0,0,0,0,0.00,0.00,0.00,0.00,0.00,0.0,0.0,0.1,0.1,0.00,0.14,0.14,0.00,0.14,Matches
497,Nick Viergever\e38f1636,nl NED,DF,Greuther Fürth,31,1989,24,24,2133,23.7,0,0,0,0,0,2,0,0.00,0.00,0.00,0.00,0.00,0.5,0.5,0.3,0.8,0.02,0.01,0.03,0.02,0.03,Matches
498,Andreas Voglsammer\daa78200,de GER,FWMF,Union Berlin,29,1992,32,5,882,9.8,2,1,2,0,0,1,0,0.20,0.10,0.31,0.20,0.31,2.7,2.7,1.1,3.9,0.28,0.12,0.40,0.28,0.40,Matches
499,Kevin Vogt\1d8e9add,de GER,DF,Hoffenheim,29,1991,30,29,2569,28.5,0,2,0,0,0,7,0,0.00,0.07,0.07,0.00,0.07,0.0,0.0,0.4,0.5,0.00,0.02,0.02,0.00,0.02,Matches
500,Aster Vranckx\f86cd5df,be BEL,MF,Wolfsburg,18,2002,24,12,1141,12.7,2,0,2,0,0,2,0,0.16,0.00,0.16,0.16,0.16,2.5,2.5,1.0,3.5,0.20,0.08,0.28,0.20,0.28,Matches
501,Luca Waldschmidt\e5a35ae9,de GER,MFFW,Wolfsburg,25,1996,14,9,717,8.0,1,0,1,0,0,2,0,0.13,0.00,0.13,0.13,0.13,1.8,1.8,0.5,2.3,0.23,0.06,0.29,0.23,0.29,Matches
502,Paul Wanner\cb64672e,de GER,FWMF,Bayern Munich,15,2005,4,0,39,0.4,0,0,0,0,0,0,0,0.00,0.00,0.00,0.00,0.00,0.0,0.0,0.0,0.0,0.00,0.04,0.04,0.00,0.04,Matches
503,Wout Weghorst\c4e87b8b,nl NED,FW,Wolfsburg,28,1992,18,17,1553,17.3,6,1,5,1,2,2,0,0.35,0.06,0.41,0.29,0.35,8.9,7.4,1.5,8.9,0.51,0.09,0.60,0.43,0.52,Matches
504,Noah Weißhaupt\dd676a97,de GER,MFFW,Freiburg,19,2001,10,0,97,1.1,0,0,0,0,0,0,0,0.00,0.00,0.00,0.00,0.00,0.0,0.0,0.1,0.1,0.00,0.12,0.12,0.00,0.12,Matches
505,Silvan Widmer\f68b64fc,ch SUI,DF,Mainz 05,28,1993,33,33,2920,32.4,4,5,4,0,0,1,0,0.12,0.15,0.28,0.12,0.28,2.2,2.2,2.6,4.8,0.07,0.08,0.15,0.07,0.15,Matches
506,Jetro Willems\9050ddc4,nl NED,DF,Greuther Fürth,27,1994,24,20,1598,17.8,1,0,1,0,0,5,0,0.06,0.00,0.06,0.06,0.06,0.6,0.6,1.8,2.4,0.04,0.10,0.14,0.04,0.14,Matches
507,Patrick Wimmer\cb11b429,at AUT,FWMF,Arminia,20,2001,31,27,2052,22.8,3,6,3,0,0,7,0,0.13,0.26,0.39,0.13,0.39,3.6,3.6,3.8,7.4,0.16,0.17,0.32,0.16,0.32,Matches
508,Jonas Wind\2077ae86,dk DEN,FWMF,Wolfsburg,22,1999,14,14,1180,13.1,5,1,5,0,0,0,0,0.38,0.08,0.46,0.38,0.46,4.3,4.3,2.4,6.7,0.33,0.18,0.51,0.33,0.51,Matches
509,Marten Winkler\e0d515ef,de GER,MF,Hertha BSC,18,2002,1,0,26,0.3,0,0,0,0,0,0,0,0.00,0.00,0.00,0.00,0.00,0.0,0.0,0.0,0.0,0.00,0.00,0.00,0.00,0.00,Matches
510,Frederik Winther\a1257b5e,dk DEN,DF,Augsburg,20,2001,4,3,328,3.6,0,0,0,0,0,1,0,0.00,0.00,0.00,0.00,0.00,0.0,0.0,0.0,0.0,0.00,0.00,0.00,0.00,0.00,Matches
511,Florian Wirtz\e7fcf289,de GER,MFFW,Leverkusen,18,2003,24,22,1851,20.6,7,10,7,0,0,2,0,0.34,0.49,0.83,0.34,0.83,5.3,5.3,7.6,12.9,0.26,0.37,0.63,0.26,0.63,Matches
512,Axel Witsel\5dfc6ad5,be BEL,MFDF,Dortmund,32,1989,29,22,1941,21.6,2,0,2,0,0,4,0,0.09,0.00,0.09,0.09,0.09,0.7,0.7,0.7,1.3,0.03,0.03,0.06,0.03,0.06,Matches
513,Hannes Wolf\be42a291,at AUT,FWMF,M'Gladbach,22,1999,7,2,307,3.4,0,0,0,0,0,2,0,0.00,0.00,0.00,0.00,0.00,0.2,0.2,0.0,0.3,0.06,0.01,0.07,0.06,0.07,Matches
514,Marius Wolf\fa661778,de GER,DFFW,Dortmund,26,1995,27,15,1321,14.7,3,1,3,0,0,4,0,0.20,0.07,0.27,0.20,0.27,2.3,2.3,1.2,3.5,0.16,0.08,0.24,0.16,0.24,Matches
515,Luca Wollschläger\24b8e7bd,de GER,FW,Hertha BSC,18,2003,2,0,16,0.2,0,0,0,0,0,0,0,0.00,0.00,0.00,0.00,0.00,0.0,0.0,0.1,0.1,0.15,0.31,0.46,0.15,0.46,Matches
516,Jeong Woo-yeong\6190474d,kr KOR,FWMF,Freiburg,21,1999,32,23,1782,19.8,5,2,5,0,0,1,0,0.25,0.10,0.35,0.25,0.35,5.5,5.5,1.7,7.1,0.28,0.08,0.36,0.28,0.36,Matches
517,Joscha Wosz\80c9e555,de GER,DF,RB Leipzig,19,2002,1,0,9,0.1,0,0,0,0,0,0,0,0.00,0.00,0.00,0.00,0.00,0.0,0.0,0.0,0.0,0.00,0.00,0.00,0.00,0.00,Matches
518,Dan-Axel Zagadou\a4effc55,fr FRA,DF,Dortmund,22,1999,15,10,952,10.6,0,0,0,0,0,2,0,0.00,0.00,0.00,0.00,0.00,0.3,0.3,0.0,0.3,0.03,0.00,0.03,0.03,0.03,Matches
519,Denis Zakaria\384d58d9,ch SUI,MFDF,M'Gladbach,24,1996,16,15,1395,15.5,2,1,2,0,0,4,0,0.13,0.06,0.19,0.13,0.19,1.0,1.0,0.3,1.3,0.06,0.02,0.08,0.06,0.08,Matches
520,Deyovaisio Zeefuik\58a2e9f6,nl NED,DFMF,Hertha BSC,23,1998,11,6,565,6.3,0,0,0,0,0,1,0,0.00,0.00,0.00,0.00,0.00,0.0,0.0,0.4,0.4,0.00,0.07,0.07,0.00,0.07,Matches
521,Robin Zentner\5c4bf6ba,de GER,GK,Mainz 05,26,1994,32,32,2880,32.0,0,0,0,0,0,1,0,0.00,0.00,0.00,0.00,0.00,0.0,0.0,0.0,0.0,0.00,0.00,0.00,0.00,0.00,Matches
522,Andi Zeqiri\d01231f0,ch SUI,FWMF,Augsburg,22,1999,22,11,1016,11.3,2,1,2,0,0,2,0,0.18,0.09,0.27,0.18,0.27,3.0,3.0,0.9,3.8,0.26,0.08,0.34,0.26,0.34,Matches
523,Simon Zoller\29f7cfd9,de GER,FW,Bochum,30,1991,10,6,596,6.6,3,2,3,0,0,3,0,0.45,0.30,0.76,0.45,0.76,2.1,2.1,0.8,2.9,0.32,0.12,0.44,0.32,0.44,Matches