,,,,,,,Playing Time,Playing Time,Playing Time,Playing Time,Performance,Performance,Performance,Performance,Performance,Performance,Performance,Per 90 Minutes,Per 90 Minutes,Per 90 Minutes,Per 90 Minutes,Per 90 Minutes,Expected,Expected,Expected,Expected,Per 90 Minutes,Per 90 Minutes,Per 90 Minutes,Per 90 Minutes,Per 90 Minutes,
Rk,Player,Nation,Pos,Squad,Age,Born,MP,Starts,Min,90s,Gls,Ast,G-PK,PK,PKatt,CrdY,CrdR,Gls,Ast,G+A,G-PK,G+A-PK,xG,npxG,xA,npxG+xA,xG,xA,xG+xA,npxG,npxG+xA,Matches
1,Max Aarons\774cf58b,eng ENG,DF,Norwich City,22-133,2000,33,31,2791,31.0,0,2,0,0,0,8,0,0.00,0.06,0.06,0.00,0.06,0.7,0.7,1.4,2.1,0.02,0.05,0.07,0.02,0.07,Matches
2,Che Adams\f2bf1b0f,sct SCO,FW,Southampton,25-308,1996,28,23,2002,22.2,7,3,7,0,0,0,0,0.31,0.13,0.45,0.31,0.45,6.9,6.9,2.7,9.6,0.31,0.12,0.43,0.31,0.43,Matches
3,Rayan Aït Nouri\9b398aea,fr FRA,DF,Wolves,20-345,2001,22,19,1738,19.3,1,2,1,0,0,4,0,0.05,0.10,0.16,0.05,0.16,0.7,0.7,1.3,2.0,0.04,0.07,0.10,0.04,0.10,Matches
4,Kristoffer Ajer\a8c0acb7,no NOR,DF,Brentford,24-030,1998,23,22,1905,21.2,1,3,1,0,0,5,0,0.05,0.14,0.19,0.05,0.19,0.8,0.8,1.4,2.2,0.04,0.06,0.10,0.04,0.10,Matches
5,Nathan Aké\eaeca114,nl NED,DF,Manchester City,27-088,1995,14,10,923,10.3,2,0,2,0,0,0,0,0.20,0.00,0.20,0.20,0.20,1.2,1.2,0.5,1.7,0.11,0.05,0.16,0.11,0.16,Matches
6,Marc Albrighton\b827d5b3,eng ENG,FWDF,Leicester City,32-180,1989,17,11,1132,12.6,1,2,1,0,0,3,0,0.08,0.16,0.24,0.08,0.24,0.5,0.5,1.7,2.2,0.04,0.13,0.18,0.04,0.18,Matches
7,Thiago Alcántara\77e84962,es ESP,MF,Liverpool,31-036,1991,24,16,1489,16.5,1,3,1,0,0,2,0,0.06,0.18,0.24,0.06,0.24,1.8,1.8,2.0,3.9,0.11,0.12,0.23,0.11,0.23,Matches
8,Trent Alexander-Arnold\cd1acf9d,eng ENG,DF,Liverpool,23-222,1998,31,31,2763,30.7,2,12,2,0,0,2,0,0.07,0.39,0.46,0.07,0.46,2.5,2.5,10.5,13.1,0.08,0.34,0.43,0.08,0.43,Matches
9,Alisson\7a2e46a8,br BRA,GK,Liverpool,29-227,1992,34,34,3060,34.0,0,1,0,0,0,0,0,0.00,0.03,0.03,0.00,0.03,0.0,0.0,0.4,0.4,0.00,0.01,0.01,0.00,0.01,Matches
10,Allan\cc700722,br BRA,MF,Everton,31-129,1991,28,25,2183,24.3,0,2,0,0,0,7,1,0.00,0.08,0.08,0.00,0.08,0.2,0.2,0.9,1.1,0.01,0.04,0.04,0.01,0.04,Matches
11,Dele Alli\cea4ee8f,eng ENG,MF,Everton,26-036,1996,9,0,227,2.5,0,0,0,0,0,3,0,0.00,0.00,0.00,0.00,0.00,0.1,0.1,0.3,0.3,0.03,0.10,0.13,0.03,0.13,Matches
12,Dele Alli\cea4ee8f,eng ENG,MFFW,Tottenham,26-036,1996,10,8,657,7.3,1,0,0,1,1,1,0,0.14,0.00,0.14,0.00,0.00,1.5,0.7,0.8,1.5,0.20,0.11,0.31,0.10,0.21,Matches
13,Miguel Almirón\862a1c15,py PAR,MFFW,Newcastle Utd,28-096,1994,29,18,1628,18.1,1,0,1,0,0,2,0,0.06,0.00,0.06,0.06,0.06,2.0,2.0,0.6,2.6,0.11,0.04,0.15,0.11,0.15,Matches
14,Marcos Alonso\f4290206,es ESP,DF,Chelsea,31-140,1990,27,24,2077,23.1,3,4,3,0,0,8,0,0.13,0.17,0.30,0.13,0.30,3.2,3.2,4.5,7.6,0.14,0.19,0.33,0.14,0.33,Matches
15,Steven Alzate\ad1f61f3,co COL,MF,Brighton,23-251,1998,9,5,404,4.5,0,0,0,0,0,0,0,0.00,0.00,0.00,0.00,0.00,0.1,0.1,0.2,0.3,0.02,0.04,0.06,0.02,0.06,Matches
16,Daniel Amartey\1a4ef233,gh GHA,DF,Leicester City,27-147,1994,26,22,2024,22.5,0,0,0,0,0,4,0,0.00,0.00,0.00,0.00,0.00,0.0,0.0,0.2,0.2,0.00,0.01,0.01,0.00,0.01,Matches
17,Joachim Andersen\e34fc66d,dk DEN,DF,Crystal Palace,25-351,1996,32,30,2736,30.4,0,3,0,0,0,4,0,0.00,0.10,0.10,0.00,0.10,0.6,0.6,2.0,2.6,0.02,0.07,0.09,0.02,0.09,Matches
18,Michail Antonio\ac05f970,jm JAM,FW,West Ham,32-050,1990,35,33,2881,32.0,9,8,9,0,1,8,1,0.28,0.25,0.53,0.28,0.53,11.1,10.8,6.6,17.4,0.35,0.21,0.55,0.34,0.54,Matches
19,Cameron Archer\05e8ca6d,eng ENG,MFFW,Aston Villa,20-300,2001,3,0,27,0.3,0,0,0,0,0,0,0,0.00,0.00,0.00,0.00,0.00,0.0,0.0,0.0,0.0,0.07,0.00,0.07,0.07,0.07,Matches
20,Alphonse Areola\2f965a72,fr FRA,GK,West Ham,29-079,1993,1,1,90,1.0,0,0,0,0,0,0,0,0.00,0.00,0.00,0.00,0.00,0.0,0.0,0.0,0.0,0.00,0.00,0.00,0.00,0.00,Matches
21,Adam Armstrong\68c720b5,eng ENG,FWMF,Southampton,25-096,1997,22,16,1351,15.0,2,2,2,0,0,1,0,0.13,0.13,0.27,0.13,0.27,4.2,4.2,1.7,5.9,0.28,0.11,0.39,0.28,0.39,Matches
22,Stuart Armstrong\97333cf5,sct SCO,MF,Southampton,30-048,1992,23,14,1363,15.1,2,0,2,0,0,1,0,0.13,0.00,0.13,0.13,0.13,2.8,2.8,1.3,4.1,0.18,0.09,0.27,0.18,0.27,Matches
23,Kepa Arrizabalaga\28d596a0,es ESP,GK,Chelsea,27-226,1994,4,4,360,4.0,0,0,0,0,0,0,0,0.00,0.00,0.00,0.00,0.00,0.0,0.0,0.0,0.0,0.00,0.00,0.00,0.00,0.00,Matches
24,Harrison Ashby\b391383a,sct SCO,DF,West Ham,20-184,2001,1,0,7,0.1,0,0,0,0,0,0,0,0.00,0.00,0.00,0.00,0.00,0.0,0.0,0.0,0.0,0.00,0.00,0.00,0.00,0.00,Matches
25,Pierre-Emerick Aubameyang\d5dd5f1f,ga GAB,FW,Arsenal,32-333,1989,14,12,1037,11.5,4,1,4,0,2,3,0,0.35,0.09,0.43,0.35,0.43,5.8,4.1,0.8,5.0,0.50,0.07,0.57,0.36,0.43,Matches
26,Jordan Ayew\da052c14,gh GHA,FW,Crystal Palace,30-248,1991,30,22,1929,21.4,2,3,2,0,0,1,0,0.09,0.14,0.23,0.09,0.23,3.0,3.0,2.3,5.3,0.14,0.11,0.25,0.14,0.25,Matches
27,Luke Ayling\420d7c7d,eng ENG,DF,Leeds United,30-265,1991,26,26,2272,25.2,2,2,2,0,0,4,1,0.08,0.08,0.16,0.08,0.16,1.6,1.6,0.8,2.4,0.06,0.03,0.10,0.06,0.10,Matches
28,César Azpilicueta\53cad200,es ESP,DF,Chelsea,32-262,1989,25,23,1961,21.8,1,2,1,0,0,3,0,0.05,0.09,0.14,0.05,0.14,1.2,1.2,2.1,3.3,0.05,0.10,0.15,0.05,0.15,Matches
29,Daniel Bachmann\1c0eea98,at AUT,GK,Watford,27-312,1994,11,11,990,11.0,0,0,0,0,0,0,0,0.00,0.00,0.00,0.00,0.00,0.0,0.0,0.0,0.0,0.00,0.00,0.00,0.00,0.00,Matches
30,Leon Bailey\3a233281,jm JAM,FWMF,Aston Villa,24-281,1997,18,7,761,8.5,1,2,1,0,0,3,0,0.12,0.24,0.35,0.12,0.35,1.6,1.6,0.6,2.2,0.19,0.07,0.26,0.19,0.26,Matches
31,Eric Bailly\a1232f4e,ci CIV,DF,Manchester Utd,28-035,1994,4,3,217,2.4,0,0,0,0,0,1,0,0.00,0.00,0.00,0.00,0.00,0.0,0.0,0.0,0.0,0.00,0.00,0.00,0.00,0.00,Matches
32,Folarin Balogun\31822f8c,eng ENG,FW,Arsenal,20-318,2001,2,1,70,0.8,0,0,0,0,0,0,0,0.00,0.00,0.00,0.00,0.00,0.3,0.3,0.0,0.3,0.35,0.00,0.35,0.35,0.35,Matches
33,Patrick Bamford\93feac6e,eng ENG,FW,Leeds United,28-254,1993,9,7,559,6.2,2,2,2,0,0,2,0,0.32,0.32,0.64,0.32,0.64,3.9,3.9,1.0,4.9,0.63,0.15,0.78,0.63,0.78,Matches
34,Shandon Baptiste\2886c9b5,gd GRN,MF,Brentford,24-039,1998,21,9,890,9.9,1,1,1,0,0,2,1,0.10,0.10,0.20,0.10,0.20,0.7,0.7,0.5,1.2,0.07,0.05,0.12,0.07,0.12,Matches
35,Ross Barkley\3a24769f,eng ENG,MF,Chelsea,28-163,1993,5,1,154,1.7,0,0,0,0,0,0,0,0.00,0.00,0.00,0.00,0.00,0.8,0.8,0.5,1.4,0.48,0.32,0.80,0.48,0.80,Matches
36,Ashley Barnes\2691c772,eng ENG,FW,Burnley,32-199,1989,21,6,648,7.2,0,0,0,0,0,4,0,0.00,0.00,0.00,0.00,0.00,1.0,1.0,1.0,2.0,0.14,0.14,0.28,0.14,0.28,Matches
37,Harvey Barnes\3ea50f67,eng ENG,FWMF,Leicester City,24-159,1997,30,23,1997,22.2,6,9,6,0,0,2,0,0.27,0.41,0.68,0.27,0.68,6.7,6.7,3.6,10.3,0.30,0.16,0.47,0.30,0.47,Matches
38,Lewis Bate\cd4256d3,eng ENG,MF,Leeds United,19-200,2002,3,1,146,1.6,0,0,0,0,0,0,0,0.00,0.00,0.00,0.00,0.00,0.0,0.0,0.0,0.0,0.01,0.00,0.01,0.01,0.01,Matches
39,Mads Bech Sørensen\30db8574,dk DEN,DF,Brentford,23-130,1999,10,8,765,8.5,0,0,0,0,0,3,0,0.00,0.00,0.00,0.00,0.00,0.1,0.1,0.3,0.4,0.01,0.04,0.05,0.01,0.05,Matches
40,Jan Bednarek\4115ce4e,pl POL,DF,Southampton,26-035,1996,31,30,2629,29.2,4,0,4,0,0,10,0,0.14,0.00,0.14,0.14,0.14,2.4,2.4,0.6,3.0,0.08,0.02,0.10,0.08,0.10,Matches
41,Donny van de Beek\50dc94ce,nl NED,MF,Manchester Utd,25-029,1997,8,0,75,0.8,1,0,1,0,0,0,0,1.20,0.00,1.20,1.20,1.20,0.7,0.7,0.5,1.2,0.88,0.58,1.46,0.88,1.46,Matches
42,Donny van de Beek\50dc94ce,nl NED,MF,Everton,25-029,1997,6,5,429,4.8,0,0,0,0,0,1,0,0.00,0.00,0.00,0.00,0.00,0.1,0.1,0.1,0.2,0.03,0.01,0.04,0.03,0.04,Matches
43,Asmir Begović\7b4de647,ba BIH,GK,Everton,34-331,1987,2,2,180,2.0,0,0,0,0,0,0,0,0.00,0.00,0.00,0.00,0.00,0.0,0.0,0.0,0.0,0.00,0.00,0.00,0.00,0.00,Matches
44,Saïd Benrahma\5a04fd92,dz ALG,FWMF,West Ham,26-280,1995,32,26,2168,24.1,8,6,8,0,0,0,0,0.33,0.25,0.58,0.33,0.58,5.1,5.1,3.3,8.4,0.21,0.14,0.35,0.21,0.35,Matches
45,Rodrigo Bentancur\3b8674e6,uy URU,MF,Tottenham,24-346,1997,16,15,1289,14.3,0,2,0,0,0,5,0,0.00,0.14,0.14,0.00,0.14,0.9,0.9,1.1,2.0,0.06,0.08,0.14,0.06,0.14,Matches
46,Christian Benteke\ab070c55,be BEL,FW,Crystal Palace,31-165,1990,24,11,1135,12.6,4,1,4,0,0,3,0,0.32,0.08,0.40,0.32,0.40,5.4,5.4,1.1,6.5,0.42,0.09,0.51,0.42,0.51,Matches
47,Jóhann Berg Guðmundsson\f72293fc,is ISL,MF,Burnley,31-202,1990,18,13,1102,12.2,0,1,0,0,0,2,0,0.00,0.08,0.08,0.00,0.08,1.7,1.7,0.3,2.0,0.14,0.03,0.16,0.14,0.16,Matches
48,Steven Bergwijn\a29b1131,nl NED,FWMF,Tottenham,24-221,1997,24,4,547,6.1,3,1,3,0,0,1,0,0.49,0.16,0.66,0.49,0.66,3.1,3.1,0.6,3.7,0.50,0.10,0.61,0.50,0.61,Matches
49,Ryan Bertrand\01226327,eng ENG,DF,Leicester City,32-285,1989,4,4,337,3.7,0,0,0,0,0,1,0,0.00,0.00,0.00,0.00,0.00,0.0,0.0,0.3,0.3,0.00,0.08,0.08,0.00,0.08,Matches
50,Mads Bidstrup\407db0d5,dk DEN,MF,Brentford,21-081,2001,4,0,41,0.5,0,0,0,0,0,0,0,0.00,0.00,0.00,0.00,0.00,0.0,0.0,0.0,0.0,0.00,0.00,0.00,0.00,0.00,Matches
51,Yves Bissouma\6c203af0,ml MLI,MF,Brighton,25-260,1996,25,24,2066,23.0,1,2,1,0,0,10,0,0.04,0.09,0.13,0.04,0.13,0.9,0.9,0.8,1.7,0.04,0.03,0.07,0.04,0.07,Matches
52,Willy Boly\a4ac4b8f,ci CIV,DF,Wolves,31-103,1991,9,9,810,9.0,0,0,0,0,0,1,0,0.00,0.00,0.00,0.00,0.00,0.2,0.2,0.1,0.3,0.02,0.01,0.03,0.02,0.03,Matches
53,Jarrod Bowen\79c84d1c,eng ENG,FW,West Ham,25-148,1996,35,33,2893,32.1,12,10,12,0,0,6,0,0.37,0.31,0.68,0.37,0.68,11.1,11.1,5.7,16.8,0.35,0.18,0.52,0.35,0.52,Matches
54,Jarrad Branthwaite\c1949191,eng ENG,DF,Everton,19-324,2002,5,3,298,3.3,1,0,1,0,0,0,1,0.30,0.00,0.30,0.30,0.30,0.4,0.4,0.0,0.4,0.13,0.00,0.13,0.13,0.13,Matches
55,Armando Broja\97220da2,al ALB,FW,Southampton,20-249,2001,31,20,1894,21.0,6,0,6,0,0,2,0,0.29,0.00,0.29,0.29,0.29,7.0,7.0,1.3,8.4,0.33,0.06,0.40,0.33,0.40,Matches
56,Josh Brownhill\47369df8,eng ENG,MF,Burnley,26-149,1995,33,30,2793,31.0,2,3,2,0,0,10,0,0.06,0.10,0.16,0.06,0.16,1.4,1.4,2.4,3.7,0.04,0.08,0.12,0.04,0.12,Matches
57,Lewis Brunt\a2081c6b,eng ENG,MF,Leicester City,21-192,2000,1,0,24,0.3,0,0,0,0,0,0,0,0.00,0.00,0.00,0.00,0.00,0.0,0.0,0.0,0.0,0.00,0.00,0.00,0.00,0.00,Matches
58,Bryan\7b5ab7f2,es ESP,FWMF,Tottenham,21-095,2001,9,0,94,1.0,0,0,0,0,0,0,0,0.00,0.00,0.00,0.00,0.00,0.0,0.0,0.1,0.1,0.03,0.07,0.10,0.03,0.10,Matches
59,Emi Buendía\66b76d44,ar ARG,FWMF,Aston Villa,25-143,1996,33,20,1722,19.1,3,6,3,0,0,1,0,0.16,0.31,0.47,0.16,0.47,2.8,2.8,5.2,8.0,0.15,0.27,0.42,0.15,0.42,Matches
60,Dan Burn\b2d31e83,eng ENG,DF,Brighton,30-008,1992,13,12,1022,11.4,1,0,1,0,0,4,0,0.09,0.00,0.09,0.09,0.09,1.3,1.3,0.0,1.3,0.11,0.00,0.12,0.11,0.12,Matches
61,Dan Burn\b2d31e83,eng ENG,DF,Newcastle Utd,30-008,1992,15,15,1350,15.0,0,1,0,0,0,4,0,0.00,0.07,0.07,0.00,0.07,0.5,0.5,0.1,0.6,0.04,0.01,0.04,0.04,0.04,Matches
62,Jack Butland\cc70a1d5,eng ENG,GK,Crystal Palace,29-068,1993,8,7,675,7.5,0,0,0,0,0,0,0,0.00,0.00,0.00,0.00,0.00,0.0,0.0,0.0,0.0,0.00,0.00,0.00,0.00,0.00,Matches
63,Sam Byram\1bf811d4,eng ENG,DF,Norwich City,28-243,1993,14,10,992,11.0,0,0,0,0,0,2,0,0.00,0.00,0.00,0.00,0.00,0.9,0.9,0.2,1.1,0.08,0.02,0.10,0.08,0.10,Matches
64,Willy Caballero\a179d516,ar ARG,GK,Southampton,40-231,1981,2,2,180,2.0,0,0,0,0,0,1,0,0.00,0.00,0.00,0.00,0.00,0.0,0.0,0.0,0.0,0.00,0.00,0.00,0.00,0.00,Matches
65,Moisés Caicedo\16264a81,ec ECU,MF,Brighton,20-196,2001,7,7,582,6.5,1,1,1,0,0,2,0,0.15,0.15,0.31,0.15,0.31,0.5,0.5,0.3,0.7,0.07,0.05,0.12,0.07,0.12,Matches
66,Dominic Calvert-Lewin\59e6e5bf,eng ENG,FW,Everton,25-062,1997,15,13,1103,12.3,4,1,2,2,3,2,0,0.33,0.08,0.41,0.16,0.24,6.5,4.2,0.8,5.0,0.53,0.07,0.60,0.34,0.41,Matches
67,Chem Campbell\6f711f67,wls WAL,MF,Wolves,19-138,2002,1,0,13,0.1,0,0,0,0,0,0,0,0.00,0.00,0.00,0.00,0.00,0.0,0.0,0.0,0.0,0.00,0.00,0.00,0.00,0.00,Matches
68,João Cancelo\bd6351cd,pt POR,DF,Manchester City,27-355,1994,35,35,3137,34.9,1,7,1,0,0,7,0,0.03,0.20,0.23,0.03,0.23,4.0,4.0,4.6,8.6,0.12,0.13,0.25,0.12,0.25,Matches
69,Sergi Canós\1137759d,es ESP,DF,Brentford,25-104,1997,30,25,2066,23.0,2,2,2,0,0,6,0,0.09,0.09,0.17,0.09,0.17,3.0,3.0,1.9,4.9,0.13,0.08,0.21,0.13,0.21,Matches
70,Todd Cantwell\f63d8a4b,eng ENG,FWMF,Norwich City,24-079,1998,8,5,441,4.9,0,0,0,0,0,2,0,0.00,0.00,0.00,0.00,0.00,0.2,0.2,0.2,0.4,0.03,0.04,0.07,0.03,0.07,Matches
71,Matty Cash\2389cdc2,pl POL,DF,Aston Villa,24-283,1997,36,36,3197,35.5,3,3,3,0,0,8,0,0.08,0.08,0.17,0.08,0.17,2.1,2.1,1.9,4.0,0.06,0.05,0.11,0.06,0.11,Matches
72,Timothy Castagne\197640fd,be BEL,DF,Leicester City,26-163,1995,25,20,1968,21.9,1,0,1,0,0,1,0,0.05,0.00,0.05,0.05,0.05,0.6,0.6,1.0,1.6,0.03,0.05,0.07,0.03,0.07,Matches
73,Jonny Castro\e28868f3,es ESP,DF,Wolves,28-075,1994,12,9,934,10.4,2,0,2,0,0,1,0,0.19,0.00,0.19,0.19,0.19,0.8,0.8,0.9,1.6,0.08,0.08,0.16,0.08,0.16,Matches
74,Craig Cathcart\89e4b358,nir NIR,DF,Watford,33-100,1989,31,27,2396,26.6,0,1,0,0,0,3,0,0.00,0.04,0.04,0.00,0.04,0.1,0.1,0.3,0.4,0.00,0.01,0.02,0.00,0.02,Matches
75,Edinson Cavani\527f063d,uy URU,FW,Manchester Utd,35-092,1987,14,6,676,7.5,2,1,2,0,0,0,0,0.27,0.13,0.40,0.27,0.40,3.2,3.2,1.2,4.4,0.43,0.16,0.59,0.43,0.59,Matches
76,Kayky Chagas\17734ea0,br BRA,FW,Manchester City,18-340,2003,1,0,7,0.1,0,0,0,0,0,0,0,0.00,0.00,0.00,0.00,0.00,0.0,0.0,0.0,0.0,0.00,0.00,0.00,0.00,0.00,Matches
77,Trevoh Chalobah\5515376c,eng ENG,DF,Chelsea,22-316,1999,19,16,1359,15.1,3,1,3,0,0,2,0,0.20,0.07,0.26,0.20,0.26,0.9,0.9,0.2,1.1,0.06,0.01,0.07,0.06,0.07,Matches
78,Calum Chambers\dc6f5bdd,eng ENG,DF,Aston Villa,27-117,1995,9,7,651,7.2,1,0,1,0,0,1,0,0.14,0.00,0.14,0.14,0.14,0.1,0.1,0.0,0.1,0.01,0.00,0.01,0.01,0.01,Matches
79,Calum Chambers\dc6f5bdd,eng ENG,DF,Arsenal,27-117,1995,2,2,170,1.9,0,0,0,0,0,0,0,0.00,0.00,0.00,0.00,0.00,0.1,0.1,0.1,0.1,0.05,0.03,0.07,0.05,0.07,Matches
80,Daniel Chesters\240c8ab6,eng ENG,MF,West Ham,20-043,2002,1,0,1,0.0,0,0,0,0,0,0,0,0.00,0.00,0.00,0.00,0.00,0.0,0.0,0.0,0.0,0.00,0.00,0.00,0.00,0.00,Matches
81,Ben Chilwell\d2424d1b,eng ENG,DF,Chelsea,25-147,1996,6,6,540,6.0,3,1,3,0,0,0,0,0.50,0.17,0.67,0.50,0.67,1.2,1.2,0.9,2.1,0.19,0.15,0.35,0.19,0.35,Matches
82,Chiquinho\dc6c2f02,pt POR,DFMF,Wolves,22-101,2000,8,1,208,2.3,0,3,0,0,0,0,0,0.00,1.30,1.30,0.00,1.30,0.3,0.3,0.6,0.9,0.13,0.27,0.41,0.13,0.41,Matches
83,Hamza Choudhury\7d2d3329,eng ENG,DFMF,Leicester City,24-228,1997,6,4,285,3.2,0,0,0,0,0,1,0,0.00,0.00,0.00,0.00,0.00,0.0,0.0,0.0,0.0,0.01,0.00,0.01,0.01,0.01,Matches
84,Andreas Christensen\1cb49278,dk DEN,DF,Chelsea,26-037,1996,19,17,1496,16.6,0,0,0,0,0,2,0,0.00,0.00,0.00,0.00,0.00,0.4,0.4,0.2,0.7,0.03,0.01,0.04,0.03,0.04,Matches
85,Carney Chukwuemeka\b2f9c73e,eng ENG,MFFW,Aston Villa,18-130,2004,11,1,245,2.7,0,1,0,0,0,0,0,0.00,0.37,0.37,0.00,0.37,0.6,0.6,1.0,1.5,0.20,0.36,0.57,0.20,0.57,Matches
86,Ciaran Clark\2b91cf8e,ie IRL,DF,Newcastle Utd,32-233,1989,13,12,1014,11.3,0,1,0,0,0,2,1,0.00,0.09,0.09,0.00,0.09,0.8,0.8,0.3,1.1,0.07,0.03,0.10,0.07,0.10,Matches
87,Tom Cleverley\6cdd8245,eng ENG,MF,Watford,32-278,1989,27,19,1526,17.0,0,2,0,0,0,2,0,0.00,0.12,0.12,0.00,0.12,0.8,0.8,1.5,2.3,0.05,0.09,0.13,0.05,0.13,Matches
88,Nathaniel Clyne\0442183b,eng ENG,DF,Crystal Palace,31-042,1991,14,13,1171,13.0,0,1,0,0,0,1,0,0.00,0.08,0.08,0.00,0.08,0.1,0.1,0.5,0.6,0.01,0.04,0.05,0.01,0.05,Matches
89,Conor Coady\2928dca2,eng ENG,DF,Wolves,29-081,1993,37,37,3271,36.3,4,0,4,0,0,4,0,0.11,0.00,0.11,0.11,0.11,2.0,2.0,0.0,2.0,0.05,0.00,0.05,0.05,0.05,Matches
90,Séamus Coleman\0420d84f,ie IRL,DF,Everton,33-218,1988,29,29,2566,28.5,1,0,1,0,0,4,0,0.04,0.00,0.04,0.04,0.04,1.0,1.0,1.0,2.0,0.03,0.03,0.07,0.03,0.07,Matches
91,Nathan Collins\a8c19eb8,ie IRL,DF,Burnley,21-017,2001,17,16,1490,16.6,2,0,2,0,0,2,1,0.12,0.00,0.12,0.12,0.12,1.5,1.5,0.8,2.3,0.09,0.05,0.14,0.09,0.14,Matches
92,Aaron Connolly\27c01749,ie IRL,FW,Brighton,22-109,2000,4,1,156,1.7,0,0,0,0,0,0,0,0.00,0.00,0.00,0.00,0.00,0.5,0.5,0.4,0.8,0.26,0.20,0.47,0.26,0.47,Matches
93,Liam Cooper\dc64b8b3,sct SCO,DF,Leeds United,30-260,1991,20,20,1724,19.2,0,1,0,0,0,5,0,0.00,0.05,0.05,0.00,0.05,0.3,0.3,0.1,0.4,0.02,0.00,0.02,0.02,0.02,Matches
94,Jack Cork\74e12f1e,eng ENG,MF,Burnley,32-326,1989,18,18,1490,16.6,1,0,1,0,0,4,0,0.06,0.00,0.06,0.06,0.06,0.6,0.6,0.1,0.8,0.04,0.01,0.05,0.04,0.05,Matches
95,Maxwel Cornet\beb391dd,ci CIV,FWMF,Burnley,25-232,1996,24,19,1592,17.7,8,1,8,0,1,2,0,0.45,0.06,0.51,0.45,0.51,6.2,5.4,1.4,6.8,0.35,0.08,0.43,0.31,0.39,Matches
96,Hélder Costa\f13d02a6,ao ANG,MF,Leeds United,28-125,1994,1,0,22,0.2,0,0,0,0,0,0,0,0.00,0.00,0.00,0.00,0.00,0.0,0.0,0.0,0.0,0.11,0.00,0.11,0.11,0.11,Matches
97,Vladimír Coufal\fdf3cb77,cz CZE,DF,West Ham,29-268,1992,27,24,2129,23.7,0,4,0,0,0,5,1,0.00,0.17,0.17,0.00,0.17,0.6,0.6,2.3,2.9,0.03,0.10,0.12,0.03,0.12,Matches
98,Philippe Coutinho\0ef89a37,br BRA,MFFW,Aston Villa,29-339,1992,17,15,1239,13.8,4,3,4,0,0,0,0,0.29,0.22,0.51,0.29,0.51,3.6,3.6,3.1,6.7,0.26,0.23,0.49,0.26,0.49,Matches
99,Aaron Cresswell\4f974391,eng ENG,DF,West Ham,32-153,1989,30,30,2636,29.3,2,3,2,0,0,3,0,0.07,0.10,0.17,0.07,0.17,1.0,1.0,3.2,4.2,0.03,0.11,0.14,0.03,0.14,Matches
100,Charlie Cresswell\4654e5f5,eng ENG,DF,Leeds United,19-161,2002,5,1,141,1.6,0,0,0,0,0,1,0,0.00,0.00,0.00,0.00,0.00,0.1,0.1,0.0,0.1,0.05,0.00,0.05,0.05,0.05,Matches
101,Cucho\71b47ab9,co COL,FWMF,Watford,23-027,1999,24,11,1128,12.5,5,2,5,0,0,3,0,0.40,0.16,0.56,0.40,0.56,2.5,2.5,1.9,4.4,0.20,0.15,0.35,0.20,0.35,Matches
102,Marc Cucurella\1daec722,es ESP,DF,Brighton,23-299,1998,34,34,2999,33.3,1,1,1,0,0,6,0,0.03,0.03,0.06,0.03,0.06,0.6,0.6,2.6,3.2,0.02,0.08,0.10,0.02,0.10,Matches
103,Luke Cundle\cc3b8e78,eng ENG,MF,Wolves,20-021,2002,4,2,180,2.0,0,0,0,0,0,0,0,0.00,0.00,0.00,0.00,0.00,0.0,0.0,0.2,0.2,0.00,0.12,0.12,0.00,0.12,Matches
104,Patson Daka\ca45605e,zm ZAM,FW,Leicester City,23-220,1998,23,13,1159,12.9,5,3,5,0,0,2,0,0.39,0.23,0.62,0.39,0.62,4.7,4.7,1.8,6.5,0.36,0.14,0.50,0.36,0.50,Matches
105,Stuart Dallas\67ca8566,nir NIR,DFMF,Leeds United,31-028,1991,34,34,2919,32.4,1,1,1,0,0,5,0,0.03,0.03,0.06,0.03,0.06,2.0,2.0,2.4,4.3,0.06,0.07,0.13,0.06,0.13,Matches
106,Diogo Dalot\d9565625,pt POR,DF,Manchester Utd,23-060,1999,23,18,1723,19.1,0,0,0,0,0,3,0,0.00,0.00,0.00,0.00,0.00,0.7,0.7,1.0,1.7,0.04,0.05,0.09,0.04,0.09,Matches
107,Karl Darlow\cde3309f,eng ENG,GK,Newcastle Utd,31-221,1990,8,8,720,8.0,0,0,0,0,0,1,0,0.00,0.00,0.00,0.00,0.00,0.0,0.0,0.0,0.0,0.00,0.00,0.00,0.00,0.00,Matches
108,Josh Dasilva\60344e4f,eng ENG,MFFW,Brentford,23-206,1998,8,2,224,2.5,0,0,0,0,0,0,1,0.00,0.00,0.00,0.00,0.00,0.0,0.0,0.1,0.2,0.02,0.04,0.06,0.02,0.06,Matches
109,Ben Davies\44781702,wls WAL,DF,Tottenham,29-023,1993,28,27,2448,27.2,1,1,1,0,0,6,0,0.04,0.04,0.07,0.04,0.07,1.7,1.7,0.6,2.3,0.06,0.02,0.08,0.06,0.08,Matches
110,Tom Davies\9228b07c,eng ENG,MF,Everton,23-321,1998,5,1,158,1.8,1,0,1,0,0,0,0,0.57,0.00,0.57,0.57,0.57,0.9,0.9,0.0,0.9,0.52,0.00,0.52,0.52,0.52,Matches
111,Keinan Davis\9deaf2c8,eng ENG,FW,Aston Villa,24-093,1998,1,0,12,0.1,0,0,0,0,0,0,0,0.00,0.00,0.00,0.00,0.00,0.0,0.0,0.0,0.0,0.00,0.00,0.00,0.00,0.00,Matches
112,Craig Dawson\3e9e06cb,eng ENG,DF,West Ham,32-011,1990,33,29,2664,29.6,2,2,2,0,0,5,1,0.07,0.07,0.14,0.07,0.14,2.9,2.9,0.5,3.3,0.10,0.02,0.11,0.10,0.11,Matches
113,Kevin De Bruyne\e46012d4,be BEL,MF,Manchester City,30-323,1991,29,24,2111,23.5,15,7,15,0,0,2,0,0.64,0.30,0.94,0.64,0.94,5.9,5.9,8.4,14.4,0.25,0.36,0.61,0.25,0.61,Matches
114,Troy Deeney\82e34b69,eng ENG,FW,Watford,33-322,1988,2,0,25,0.3,0,0,0,0,0,0,0,0.00,0.00,0.00,0.00,0.00,0.4,0.4,0.1,0.5,1.45,0.32,1.77,1.45,1.77,Matches
115,Liam Delap\dd897ee7,eng ENG,FW,Manchester City,19-098,2003,1,0,10,0.1,0,0,0,0,0,0,0,0.00,0.00,0.00,0.00,0.00,0.0,0.0,0.0,0.0,0.00,0.00,0.00,0.00,0.00,Matches
116,Fabian Delph\111c3236,eng ENG,MF,Everton,32-177,1989,11,8,662,7.4,0,0,0,0,0,2,0,0.00,0.00,0.00,0.00,0.00,0.0,0.0,0.1,0.1,0.01,0.01,0.02,0.01,0.02,Matches
117,Leander Dendoncker\5a7301ae,be BEL,MF,Wolves,27-032,1995,29,20,1861,20.7,2,2,2,0,0,4,0,0.10,0.10,0.19,0.10,0.19,2.3,2.3,0.9,3.2,0.11,0.04,0.15,0.11,0.15,Matches
118,Emmanuel Dennis\2c44a35d,ng NGA,FWMF,Watford,24-183,1997,33,30,2581,28.7,10,6,10,0,0,9,1,0.35,0.21,0.56,0.35,0.56,7.5,7.5,3.2,10.7,0.26,0.11,0.37,0.26,0.37,Matches
119,Kiernan Dewsbury Hall\5c74c0f5,eng ENG,MF,Leicester City,23-253,1998,26,21,1953,21.7,1,3,1,0,0,4,0,0.05,0.14,0.18,0.05,0.18,1.3,1.3,2.9,4.2,0.06,0.14,0.19,0.06,0.19,Matches
120,Ibrahima Diallo\11ff3d56,fr FRA,MF,Southampton,23-070,1999,22,9,953,10.6,0,2,0,0,0,1,0,0.00,0.19,0.19,0.00,0.19,0.5,0.5,1.0,1.4,0.04,0.09,0.13,0.04,0.13,Matches
121,Raphael Dias Belloli\3423f250,br BRA,FWMF,Leeds United,25-154,1996,34,33,2825,31.4,10,3,7,3,3,7,0,0.32,0.10,0.41,0.22,0.32,10.4,8.1,6.5,14.6,0.33,0.21,0.54,0.26,0.46,Matches
122,Rúben Dias\31c69ef1,pt POR,DF,Manchester City,25-003,1997,29,27,2402,26.7,2,4,2,0,0,5,0,0.07,0.15,0.22,0.07,0.22,2.2,2.2,2.4,4.6,0.08,0.09,0.17,0.08,0.17,Matches
123,Luis Díaz\4a1a9578,co COL,FW,Liverpool,25-124,1997,12,10,868,9.6,4,3,4,0,0,0,0,0.41,0.31,0.73,0.41,0.73,4.0,4.0,1.6,5.6,0.41,0.17,0.58,0.41,0.58,Matches
124,Eric Dier\ac861941,eng ENG,DF,Tottenham,28-122,1994,34,34,2981,33.1,0,0,0,0,0,1,0,0.00,0.00,0.00,0.00,0.00,1.0,1.0,1.4,2.4,0.03,0.04,0.07,0.03,0.07,Matches
125,Lucas Digne\1b84dbe1,fr FRA,DF,Aston Villa,28-301,1993,14,14,1089,12.1,0,3,0,0,0,2,0,0.00,0.25,0.25,0.00,0.25,0.6,0.6,1.6,2.1,0.05,0.13,0.18,0.05,0.18,Matches
126,Lucas Digne\1b84dbe1,fr FRA,DF,Everton,28-301,1993,13,13,1170,13.0,0,0,0,0,0,4,0,0.00,0.00,0.00,0.00,0.00,0.4,0.4,1.7,2.1,0.03,0.13,0.16,0.03,0.16,Matches
127,Virgil van Dijk\e06683ca,nl NED,DF,Liverpool,30-313,1991,34,34,3060,34.0,3,1,3,0,0,3,0,0.09,0.03,0.12,0.09,0.12,2.4,2.4,0.4,2.8,0.07,0.01,0.08,0.07,0.08,Matches
128,Issa Diop\a712ca2b,fr FRA,DF,West Ham,25-128,1997,13,10,963,10.7,0,1,0,0,0,0,0,0.00,0.09,0.09,0.00,0.09,0.1,0.1,0.1,0.3,0.01,0.01,0.02,0.01,0.02,Matches
129,Moussa Djenepo\254147d4,ml MLI,MF,Southampton,23-336,1998,11,5,438,4.9,0,0,0,0,0,3,0,0.00,0.00,0.00,0.00,0.00,1.5,1.5,0.2,1.7,0.30,0.05,0.35,0.30,0.35,Matches
130,Lewis Dobbin\e814e1cf,eng ENG,FWMF,Everton,19-134,2003,3,0,32,0.4,0,0,0,0,0,1,0,0.00,0.00,0.00,0.00,0.00,0.0,0.0,0.0,0.0,0.00,0.00,0.00,0.00,0.00,Matches
131,Matt Doherty\d557d734,ie IRL,DF,Tottenham,30-121,1992,15,9,875,9.7,2,4,2,0,0,0,0,0.21,0.41,0.62,0.21,0.62,2.5,2.5,1.8,4.3,0.26,0.18,0.44,0.26,0.44,Matches
132,Gabriel Dos Santos\67ac5bb8,br BRA,DF,Arsenal,24-149,1997,34,34,2973,33.0,4,0,4,0,0,8,1,0.12,0.00,0.12,0.12,0.12,2.5,2.5,0.8,3.3,0.08,0.03,0.10,0.08,0.10,Matches
133,Abdoulaye Doucouré\02b29014,ml MLI,MF,Everton,29-136,1993,28,27,2411,26.8,2,4,2,0,0,5,0,0.07,0.15,0.22,0.07,0.22,2.7,2.7,2.2,4.8,0.10,0.08,0.18,0.10,0.18,Matches
134,Kieran Dowell\2f6ec02a,eng ENG,FWMF,Norwich City,24-219,1997,18,10,852,9.5,1,1,1,0,0,0,0,0.11,0.11,0.21,0.11,0.21,1.2,1.2,2.0,3.2,0.13,0.21,0.34,0.13,0.34,Matches
135,Cody Drameh\e0d1510a,eng ENG,DF,Leeds United,20-160,2001,3,1,128,1.4,0,0,0,0,0,1,0,0.00,0.00,0.00,0.00,0.00,0.0,0.0,0.0,0.0,0.00,0.01,0.01,0.00,0.01,Matches
136,Martin Dúbravka\3a949a25,sk SVK,GK,Newcastle Utd,33-122,1989,25,25,2250,25.0,0,0,0,0,0,1,0,0.00,0.00,0.00,0.00,0.00,0.0,0.0,0.0,0.0,0.00,0.00,0.00,0.00,0.00,Matches
137,Shane Duffy\7314bba4,ie IRL,DF,Brighton,30-136,1992,18,15,1436,16.0,1,0,1,0,0,7,0,0.06,0.00,0.06,0.06,0.06,1.3,1.3,0.1,1.5,0.08,0.01,0.09,0.08,0.09,Matches
138,Paul Dummett\3fe6bd8c,wls WAL,DF,Newcastle Utd,30-233,1991,3,2,198,2.2,0,0,0,0,0,2,0,0.00,0.00,0.00,0.00,0.00,0.0,0.0,0.0,0.0,0.00,0.00,0.00,0.00,0.00,Matches
139,Lewis Dunk\282f75f3,eng ENG,DF,Brighton,30-177,1991,28,28,2483,27.6,1,0,1,0,0,3,1,0.04,0.00,0.04,0.04,0.04,1.2,1.2,0.2,1.4,0.04,0.01,0.05,0.04,0.05,Matches
140,Ederson\3bb7b8b4,br BRA,GK,Manchester City,28-273,1993,36,36,3240,36.0,0,0,0,0,0,3,0,0.00,0.00,0.00,0.00,0.00,0.0,0.0,0.1,0.1,0.00,0.00,0.00,0.00,0.00,Matches
141,Odsonne Édouard\0562b7f1,fr FRA,FW,Crystal Palace,24-121,1998,27,17,1486,16.5,6,3,5,1,1,3,0,0.36,0.18,0.55,0.30,0.48,6.9,6.2,2.2,8.4,0.42,0.13,0.55,0.37,0.51,Matches
142,CJ Egan-Riley\d313e8ff,eng ENG,DF,Manchester City,19-135,2003,1,0,4,0.0,0,0,0,0,0,0,0,0.00,0.00,0.00,0.00,0.00,0.0,0.0,0.0,0.0,0.00,0.00,0.00,0.00,0.00,Matches
143,Anthony Elanga\2fba6108,se SWE,FW,Manchester Utd,20-020,2002,20,13,1124,12.5,2,2,2,0,0,0,0,0.16,0.16,0.32,0.16,0.32,2.9,2.9,1.8,4.7,0.23,0.14,0.37,0.23,0.37,Matches
144,Harvey Elliott\c8387671,eng ENG,MF,Liverpool,19-043,2003,5,3,282,3.1,0,0,0,0,0,0,0,0.00,0.00,0.00,0.00,0.00,0.7,0.7,0.3,1.0,0.22,0.10,0.32,0.22,0.32,Matches
145,Mohamed Elneny\47a34c4f,eg EGY,MF,Arsenal,29-310,1992,13,7,716,8.0,0,2,0,0,0,1,0,0.00,0.25,0.25,0.00,0.25,0.1,0.1,0.6,0.7,0.01,0.09,0.10,0.01,0.10,Matches
146,Mohamed Elyounoussi\68dc0dac,no NOR,MFFW,Southampton,27-286,1994,28,21,1881,20.9,4,2,4,0,0,4,0,0.19,0.10,0.29,0.19,0.29,6.0,6.0,2.3,8.3,0.29,0.11,0.40,0.29,0.40,Matches
147,Emerson\df8b52a5,br BRA,DF,Tottenham,23-123,1999,30,25,2214,24.6,1,1,1,0,0,5,0,0.04,0.04,0.08,0.04,0.08,1.5,1.5,2.1,3.6,0.06,0.08,0.15,0.06,0.15,Matches
148,Christian Eriksen\980522ec,dk DEN,MF,Brentford,30-092,1992,10,9,849,9.4,1,4,1,0,0,1,0,0.11,0.42,0.53,0.11,0.53,1.4,1.4,3.2,4.7,0.15,0.34,0.49,0.15,0.49,Matches
149,Oghenekaro Etebo\b579e83d,ng NGA,MF,Watford,26-189,1995,9,4,401,4.5,0,0,0,0,0,3,0,0.00,0.00,0.00,0.00,0.00,0.0,0.0,0.1,0.1,0.01,0.01,0.02,0.01,0.02,Matches
150,Jonny Evans\f8fcd2a5,nir NIR,DF,Leicester City,34-134,1988,16,14,1168,13.0,1,1,1,0,0,2,0,0.08,0.08,0.15,0.08,0.15,0.7,0.7,0.5,1.2,0.06,0.03,0.09,0.06,0.09,Matches
151,Eberechi Eze\ae4fc6a4,eng ENG,MFFW,Crystal Palace,23-322,1998,11,5,503,5.6,1,0,1,0,0,1,0,0.18,0.00,0.18,0.18,0.18,0.5,0.5,0.4,0.8,0.09,0.06,0.15,0.09,0.15,Matches
152,Łukasz Fabiański\9328b835,pl POL,GK,West Ham,37-029,1985,36,36,3240,36.0,0,0,0,0,0,2,0,0.00,0.00,0.00,0.00,0.00,0.0,0.0,0.0,0.0,0.00,0.00,0.00,0.00,0.00,Matches
153,Fabinho\7f3b388c,br BRA,MF,Liverpool,28-206,1993,29,26,2314,25.7,5,1,3,2,2,7,0,0.19,0.04,0.23,0.12,0.16,3.4,1.9,1.4,3.3,0.13,0.05,0.19,0.07,0.13,Matches
154,Kiko Femenía\e5d01ecf,es ESP,DF,Watford,31-104,1991,26,25,2052,22.8,0,5,0,0,0,2,0,0.00,0.22,0.22,0.00,0.22,0.0,0.0,3.2,3.2,0.00,0.14,0.14,0.00,0.14,Matches
155,Evan Ferguson\4596da74,ie IRL,MF,Brighton,17-210,2004,1,0,23,0.3,0,0,0,0,0,0,0,0.00,0.00,0.00,0.00,0.00,0.0,0.0,0.0,0.0,0.00,0.00,0.00,0.00,0.00,Matches
156,Nathan Ferguson\2f8d27bc,eng ENG,DF,Crystal Palace,21-223,2000,1,0,9,0.1,0,0,0,0,0,0,0,0.00,0.00,0.00,0.00,0.00,0.0,0.0,0.0,0.0,0.00,0.00,0.00,0.00,0.00,Matches
157,Bruno Fernandes\507c7bdf,pt POR,MF,Manchester Utd,27-251,1994,35,34,3021,33.6,10,6,10,0,2,9,0,0.30,0.18,0.48,0.30,0.48,9.4,7.9,8.4,16.3,0.28,0.25,0.53,0.24,0.49,Matches
158,Álvaro Fernández\f127d782,es ESP,GK,Brentford,24-034,1998,12,12,1080,12.0,0,0,0,0,0,0,0,0.00,0.00,0.00,0.00,0.00,0.0,0.0,0.0,0.0,0.00,0.00,0.00,0.00,0.00,Matches
159,Federico Fernández\f25b010f,ar ARG,DF,Newcastle Utd,33-085,1989,7,5,523,5.8,0,0,0,0,0,0,0,0.00,0.00,0.00,0.00,0.00,0.4,0.4,0.3,0.8,0.07,0.06,0.13,0.07,0.13,Matches
160,Fernandinho\101da2b5,br BRA,MFDF,Manchester City,37-013,1985,18,9,919,10.2,2,1,2,0,0,1,0,0.20,0.10,0.29,0.20,0.29,1.6,1.6,0.9,2.5,0.15,0.09,0.24,0.15,0.24,Matches
161,Roberto Firmino\4c370d81,br BRA,FW,Liverpool,30-227,1991,18,9,887,9.9,5,3,5,0,0,3,0,0.51,0.30,0.81,0.51,0.81,4.8,4.8,2.0,6.7,0.48,0.20,0.68,0.48,0.68,Matches
162,Junior Firpo\24f59bb2,es ESP,DF,Leeds United,25-268,1996,23,18,1621,18.0,0,2,0,0,0,11,0,0.00,0.11,0.11,0.00,0.11,0.9,0.9,2.6,3.5,0.05,0.14,0.19,0.05,0.19,Matches
163,Ashley Fletcher\eeb6551f,eng ENG,FW,Watford,26-227,1995,3,0,30,0.3,0,0,0,0,0,0,0,0.00,0.00,0.00,0.00,0.00,0.4,0.4,0.0,0.4,1.16,0.00,1.16,1.16,1.16,Matches
164,Phil Foden\ed1e53f3,eng ENG,FW,Manchester City,21-354,2000,27,23,2038,22.6,9,5,9,0,0,1,0,0.40,0.22,0.62,0.40,0.62,8.9,8.9,6.4,15.4,0.40,0.28,0.68,0.40,0.68,Matches
165,Wesley Fofana\132a82f1,fr FRA,DF,Leicester City,21-151,2000,5,5,450,5.0,0,0,0,0,0,2,0,0.00,0.00,0.00,0.00,0.00,0.1,0.1,0.0,0.1,0.02,0.01,0.03,0.02,0.03,Matches
166,Pablo Fornals\82927de4,es ESP,FWMF,West Ham,26-084,1996,35,31,2715,30.2,6,3,6,0,0,4,0,0.20,0.10,0.30,0.20,0.30,5.0,5.0,5.6,10.6,0.17,0.18,0.35,0.17,0.35,Matches
167,Adam Forshaw\9f1938ab,eng ENG,MF,Leeds United,30-221,1991,22,17,1530,17.0,0,1,0,0,0,5,0,0.00,0.06,0.06,0.00,0.06,0.4,0.4,1.1,1.5,0.02,0.07,0.09,0.02,0.09,Matches
168,Marcus Forss\82c215a0,fi FIN,FWMF,Brentford,22-333,1999,7,1,209,2.3,0,1,0,0,0,0,0,0.00,0.43,0.43,0.00,0.43,0.2,0.2,0.0,0.2,0.10,0.00,0.10,0.10,0.10,Matches
169,Fraser Forster\c3e39f12,eng ENG,GK,Southampton,34-061,1988,19,19,1710,19.0,0,0,0,0,0,1,0,0.00,0.00,0.00,0.00,0.00,0.0,0.0,0.0,0.0,0.00,0.00,0.00,0.00,0.00,Matches
170,Ben Foster\d0b3ceb9,eng ENG,GK,Watford,39-044,1983,26,26,2340,26.0,0,1,0,0,0,0,0,0.00,0.04,0.04,0.00,0.04,0.0,0.0,0.2,0.2,0.00,0.01,0.01,0.00,0.01,Matches
171,Tariqe Fosu\3dcef539,gh GHA,DF,Brentford,26-193,1995,1,0,17,0.2,0,0,0,0,0,0,0,0.00,0.00,0.00,0.00,0.00,0.0,0.0,0.0,0.0,0.16,0.00,0.16,0.16,0.16,Matches
172,Ryan Fraser\d56543a0,sct SCO,FWMF,Newcastle Utd,28-082,1994,27,18,1465,16.3,2,3,2,0,0,3,0,0.12,0.18,0.31,0.12,0.31,2.4,2.4,1.9,4.3,0.15,0.12,0.27,0.15,0.27,Matches
173,Fred\b853e0ad,br BRA,MF,Manchester Utd,29-073,1993,27,23,1954,21.7,4,4,4,0,0,5,0,0.18,0.18,0.37,0.18,0.37,1.5,1.5,1.9,3.3,0.07,0.09,0.15,0.07,0.15,Matches
174,Ryan Fredericks\c067631c,eng ENG,DF,West Ham,29-219,1992,7,3,307,3.4,0,0,0,0,0,1,0,0.00,0.00,0.00,0.00,0.00,0.0,0.0,0.1,0.1,0.00,0.03,0.03,0.00,0.03,Matches
175,Leo Fuhr Hjelde\d102b8a2,no NOR,DF,Leeds United,18-264,2003,2,0,150,1.7,0,0,0,0,0,0,0,0.00,0.00,0.00,0.00,0.00,0.0,0.0,0.0,0.0,0.00,0.02,0.02,0.00,0.02,Matches
176,Conor Gallagher\c2731c10,eng ENG,MF,Crystal Palace,22-100,2000,32,32,2738,30.4,8,3,8,0,0,10,0,0.26,0.10,0.36,0.26,0.36,5.8,5.8,3.4,9.2,0.19,0.11,0.30,0.19,0.30,Matches
177,Alejandro Garnacho\7aa8adfe,es ESP,FW,Manchester Utd,17-320,2004,1,0,1,0.0,0,0,0,0,0,0,0,0.00,0.00,0.00,0.00,0.00,0.0,0.0,0.0,0.0,0.00,0.00,0.00,0.00,0.00,Matches
178,Dwight Gayle\e58a03c6,eng ENG,FW,Newcastle Utd,31-212,1990,8,0,38,0.4,0,0,0,0,0,1,0,0.00,0.00,0.00,0.00,0.00,0.0,0.0,0.0,0.1,0.12,0.04,0.16,0.12,0.16,Matches
179,Jean-Philippe Gbamin\6bd603db,ci CIV,MF,Everton,26-234,1995,3,1,67,0.7,0,0,0,0,0,0,0,0.00,0.00,0.00,0.00,0.00,0.0,0.0,0.0,0.0,0.00,0.00,0.00,0.00,0.00,Matches
180,David de Gea\7ba6d84e,es ESP,GK,Manchester Utd,31-191,1990,37,37,3330,37.0,0,0,0,0,0,0,0,0.00,0.00,0.00,0.00,0.00,0.0,0.0,0.0,0.0,0.00,0.00,0.00,0.00,0.00,Matches
181,Joe Gelhardt\01962d0d,eng ENG,FWMF,Leeds United,20-013,2002,19,4,676,7.5,2,2,2,0,0,4,0,0.27,0.27,0.53,0.27,0.53,3.1,3.1,1.5,4.6,0.41,0.20,0.62,0.41,0.62,Matches
182,Anwar El Ghazi\ffa90327,nl NED,FWMF,Aston Villa,27-014,1995,9,4,386,4.3,1,1,0,1,1,2,0,0.23,0.23,0.47,0.00,0.23,1.1,0.3,0.4,0.7,0.25,0.09,0.33,0.07,0.16,Matches
183,Anwar El Ghazi\ffa90327,nl NED,FW,Everton,27-014,1995,2,0,13,0.1,0,0,0,0,0,0,0,0.00,0.00,0.00,0.00,0.00,0.0,0.0,0.0,0.0,0.00,0.00,0.00,0.00,0.00,Matches
184,Saman Ghoddos\f7b1d4e0,ir IRN,DFMF,Brentford,28-253,1993,17,4,536,6.0,1,1,1,0,0,2,0,0.17,0.17,0.34,0.17,0.34,0.6,0.6,1.2,1.9,0.11,0.21,0.32,0.11,0.32,Matches
185,Dimitris Giannoulis\112c495e,gr GRE,DF,Norwich City,26-212,1995,17,13,1079,12.0,0,1,0,0,0,2,0,0.00,0.08,0.08,0.00,0.08,0.2,0.2,0.5,0.6,0.01,0.04,0.05,0.01,0.05,Matches
186,Morgan Gibbs-White\32f60ed8,eng ENG,FWMF,Wolves,22-110,2000,2,0,9,0.1,0,0,0,0,0,1,0,0.00,0.00,0.00,0.00,0.00,0.1,0.1,0.0,0.1,1.22,0.00,1.22,1.22,1.22,Matches
187,Ben Gibson\bcfb0142,eng ENG,DF,Norwich City,29-122,1993,28,28,2494,27.7,0,0,0,0,0,5,1,0.00,0.00,0.00,0.00,0.00,1.2,1.2,0.0,1.2,0.04,0.00,0.04,0.04,0.04,Matches
188,Billy Gilmour\df10e27c,sct SCO,MF,Norwich City,20-340,2001,24,21,1855,20.6,0,1,0,0,0,2,0,0.00,0.05,0.05,0.00,0.05,1.0,1.0,2.0,3.0,0.05,0.10,0.14,0.05,0.14,Matches
189,Ben Godfrey\9f7c837d,eng ENG,DF,Everton,24-122,1998,23,23,2029,22.5,0,0,0,0,0,6,0,0.00,0.00,0.00,0.00,0.00,1.1,1.1,0.7,1.9,0.05,0.03,0.08,0.05,0.08,Matches
190,André Gomes\1961b2aa,pt POR,MF,Everton,28-291,1993,13,6,574,6.4,0,1,0,0,0,3,0,0.00,0.16,0.16,0.00,0.16,0.6,0.6,0.2,0.8,0.10,0.03,0.13,0.10,0.13,Matches
191,Toti Gomes\f0caab96,pt POR,DF,Wolves,23-121,1999,3,3,270,3.0,0,0,0,0,0,1,0,0.00,0.00,0.00,0.00,0.00,0.1,0.1,0.0,0.1,0.02,0.00,0.02,0.02,0.02,Matches
192,Joe Gomez\7a11550b,eng ENG,DF,Liverpool,24-359,1997,7,3,286,3.2,0,1,0,0,0,2,0,0.00,0.31,0.31,0.00,0.31,0.0,0.0,0.5,0.5,0.00,0.15,0.15,0.00,0.15,Matches
193,Charlie Goode\7aee4dd3,eng ENG,DF,Brentford,26-287,1995,6,4,450,5.0,0,0,0,0,0,3,0,0.00,0.00,0.00,0.00,0.00,0.1,0.1,0.3,0.5,0.03,0.07,0.10,0.03,0.10,Matches
194,Anthony Gordon\2bd83368,eng ENG,MFFW,Everton,21-082,2001,33,24,2201,24.5,4,2,4,0,0,4,0,0.16,0.08,0.25,0.16,0.25,3.4,3.4,3.2,6.6,0.14,0.13,0.27,0.14,0.27,Matches
195,Kaide Gordon\19a9cb70,eng ENG,FW,Liverpool,17-224,2004,1,0,9,0.1,0,0,0,0,0,0,0,0.00,0.00,0.00,0.00,0.00,0.4,0.4,0.0,0.4,4.48,0.00,4.48,4.48,4.48,Matches
196,Dan Gosling\7fec31a0,eng ENG,MF,Watford,32-105,1990,3,2,157,1.7,0,0,0,0,0,0,0,0.00,0.00,0.00,0.00,0.00,0.0,0.0,0.0,0.0,0.01,0.01,0.02,0.01,0.02,Matches
197,Demarai Gray\4468ec10,eng ENG,MFFW,Everton,25-323,1996,32,27,2218,24.6,5,3,5,0,0,3,0,0.20,0.12,0.32,0.20,0.32,4.4,4.4,4.1,8.5,0.18,0.17,0.35,0.18,0.35,Matches
198,Jack Grealish\b0b4fd3e,eng ENG,FW,Manchester City,26-249,1995,26,22,1914,21.3,3,3,3,0,0,3,0,0.14,0.14,0.28,0.14,0.28,4.8,4.8,6.3,11.1,0.23,0.30,0.52,0.23,0.52,Matches
199,Mason Greenwood\58eee997,eng ENG,FWMF,Manchester Utd,20-228,2001,18,16,1271,14.1,5,1,5,0,0,1,0,0.35,0.07,0.42,0.35,0.42,4.4,4.4,1.6,6.0,0.31,0.11,0.42,0.31,0.42,Matches
200,Sam Greenwood\f3354c07,eng ENG,FWMF,Leeds United,20-111,2002,6,0,153,1.7,0,2,0,0,0,0,0,0.00,1.18,1.18,0.00,1.18,0.3,0.3,0.7,1.0,0.17,0.42,0.59,0.17,0.59,Matches
201,Pascal Groß\8aec0537,de GER,MFDF,Brighton,30-336,1991,28,23,1948,21.6,1,3,1,0,1,1,0,0.05,0.14,0.18,0.05,0.18,2.8,2.0,4.9,6.9,0.13,0.23,0.35,0.09,0.32,Matches
202,Vicente Guaita\ab13a5aa,es ESP,GK,Crystal Palace,35-127,1987,29,29,2565,28.5,0,0,0,0,0,2,0,0.00,0.00,0.00,0.00,0.00,0.0,0.0,0.0,0.0,0.00,0.00,0.00,0.00,0.00,Matches
203,Marc Guéhi\d0706b27,eng ENG,DF,Crystal Palace,21-308,2000,35,35,3132,34.8,2,1,2,0,0,4,0,0.06,0.03,0.09,0.06,0.09,1.9,1.9,0.5,2.4,0.06,0.01,0.07,0.06,0.07,Matches
204,Bruno Guimarães\82518f62,br BRA,MF,Newcastle Utd,24-182,1997,16,10,944,10.5,5,1,5,0,0,4,0,0.48,0.10,0.57,0.48,0.57,2.4,2.4,1.7,4.1,0.25,0.18,0.43,0.25,0.43,Matches
205,İlkay Gündoğan\819b3158,de GER,MF,Manchester City,31-205,1990,26,20,1834,20.4,6,4,6,0,0,1,0,0.29,0.20,0.49,0.29,0.49,7.5,7.5,4.2,11.7,0.37,0.21,0.57,0.37,0.57,Matches
206,Angus Gunn\e082af5b,eng ENG,GK,Norwich City,26-115,1996,9,9,810,9.0,0,0,0,0,0,0,0,0.00,0.00,0.00,0.00,0.00,0.0,0.0,0.0,0.0,0.00,0.00,0.00,0.00,0.00,Matches
207,Grant Hanley\e9254eec,sct SCO,DF,Norwich City,30-178,1991,32,32,2807,31.2,1,0,1,0,0,2,0,0.03,0.00,0.03,0.03,0.03,1.9,1.9,0.3,2.1,0.06,0.01,0.07,0.06,0.07,Matches
208,Jack Harrison\aa849a12,eng ENG,FWMF,Leeds United,25-178,1996,34,31,2549,28.3,7,1,7,0,0,3,0,0.25,0.04,0.28,0.25,0.28,3.9,3.9,2.6,6.5,0.14,0.09,0.23,0.14,0.23,Matches
209,Kortney Hause\bf8fad51,eng ENG,DF,Aston Villa,26-305,1995,7,4,397,4.4,1,0,1,0,0,0,0,0.23,0.00,0.23,0.23,0.23,0.1,0.1,0.0,0.1,0.02,0.00,0.02,0.02,0.02,Matches
210,Kai Havertz\fed7cb61,de GER,FWMF,Chelsea,22-340,1999,27,21,1706,19.0,7,3,7,0,0,3,0,0.37,0.16,0.53,0.37,0.53,8.4,8.4,1.9,10.3,0.44,0.10,0.54,0.44,0.54,Matches
211,Isaac Hayden\c951a6df,eng ENG,MFDF,Newcastle Utd,27-056,1995,14,12,1002,11.1,1,0,1,0,0,5,0,0.09,0.00,0.09,0.09,0.09,0.4,0.4,0.1,0.5,0.04,0.01,0.05,0.04,0.05,Matches
212,Hwang Hee-chan\169fd162,kr KOR,FWMF,Wolves,26-111,1996,29,20,1747,19.4,5,1,5,0,0,2,0,0.26,0.05,0.31,0.26,0.31,3.6,3.6,1.7,5.3,0.19,0.09,0.27,0.19,0.27,Matches
213,Jordan Henderson\935e6b8f,eng ENG,MF,Liverpool,31-334,1990,33,28,2462,27.4,2,5,2,0,0,3,0,0.07,0.18,0.26,0.07,0.26,1.5,1.5,3.7,5.3,0.06,0.14,0.19,0.06,0.19,Matches
214,Jeff Hendrick\989d5705,ie IRL,MF,Newcastle Utd,30-106,1992,3,0,72,0.8,1,0,1,0,0,0,0,1.25,0.00,1.25,1.25,1.25,0.0,0.0,0.0,0.1,0.04,0.06,0.10,0.04,0.10,Matches
215,Wayne Hennessey\76eca7e2,wls WAL,GK,Burnley,35-113,1987,2,2,180,2.0,0,0,0,0,0,0,0,0.00,0.00,0.00,0.00,0.00,0.0,0.0,0.1,0.1,0.00,0.06,0.06,0.00,0.06,Matches
216,Rico Henry\8a3c1dc7,eng ENG,DF,Brentford,24-313,1997,33,32,2714,30.2,3,0,3,0,0,2,0,0.10,0.00,0.10,0.10,0.10,1.8,1.8,1.6,3.4,0.06,0.05,0.11,0.06,0.11,Matches
217,Son Heung-min\92e7e919,kr KOR,FWMF,Tottenham,29-313,1992,34,34,2916,32.4,21,7,21,0,0,1,0,0.65,0.22,0.86,0.65,0.86,14.5,14.5,8.0,22.5,0.45,0.25,0.69,0.45,0.69,Matches
218,Ki-Jana Hoever\9a71e978,nl NED,DF,Wolves,20-119,2002,8,4,308,3.4,0,0,0,0,0,1,0,0.00,0.00,0.00,0.00,0.00,0.0,0.0,0.0,0.1,0.01,0.01,0.02,0.01,0.02,Matches
219,Rob Holding\d79a8c87,eng ENG,DF,Arsenal,26-239,1995,14,8,755,8.4,1,0,1,0,0,4,1,0.12,0.00,0.12,0.12,0.12,0.3,0.3,0.0,0.3,0.03,0.00,0.03,0.03,0.03,Matches
220,Mason Holgate\d0042ab9,eng ENG,DF,Everton,25-207,1996,23,21,1954,21.7,2,0,2,0,0,7,1,0.09,0.00,0.09,0.09,0.09,1.1,1.1,0.0,1.1,0.05,0.00,0.05,0.05,0.05,Matches
221,Callum Hudson-Odoi\15f3ec41,eng ENG,FWMF,Chelsea,21-191,2000,15,11,962,10.7,1,2,1,0,0,1,0,0.09,0.19,0.28,0.09,0.28,2.1,2.1,2.3,4.4,0.20,0.21,0.41,0.20,0.41,Matches
222,Will Hughes\a0666d3e,eng ENG,MF,Crystal Palace,27-030,1995,14,11,915,10.2,0,1,0,0,0,4,0,0.00,0.10,0.10,0.00,0.10,0.2,0.2,0.7,0.8,0.02,0.07,0.08,0.02,0.08,Matches
223,Pierre Højbjerg\8b04d6c1,dk DEN,MF,Tottenham,26-285,1995,35,35,3106,34.5,2,2,2,0,0,3,0,0.06,0.06,0.12,0.06,0.12,1.9,1.9,2.2,4.2,0.06,0.06,0.12,0.06,0.12,Matches
224,Adam Idah\291e3ec3,ie IRL,FWMF,Norwich City,21-067,2001,17,6,625,6.9,1,1,1,0,0,0,0,0.14,0.14,0.29,0.14,0.29,2.0,2.0,0.6,2.6,0.28,0.09,0.37,0.28,0.37,Matches
225,Kelechi Iheanacho\c92e1a31,ng NGA,FW,Leicester City,25-226,1996,25,12,1202,13.4,4,5,4,0,0,1,0,0.30,0.37,0.67,0.30,0.67,3.4,3.4,2.7,6.1,0.26,0.20,0.46,0.26,0.46,Matches
226,Danny Ings\07802f7f,eng ENG,FW,Aston Villa,29-298,1992,28,22,1877,20.9,7,6,6,1,1,4,0,0.34,0.29,0.62,0.29,0.58,6.9,6.2,2.0,8.2,0.33,0.10,0.43,0.30,0.39,Matches
227,Tim Iroegbunam\84c5ceea,eng ENG,MF,Aston Villa,18-321,2003,3,1,92,1.0,0,0,0,0,0,1,0,0.00,0.00,0.00,0.00,0.00,0.1,0.1,0.0,0.1,0.13,0.00,0.13,0.13,0.13,Matches
228,Alex Iwobi\6ca5ec4b,ng NGA,MFDF,Everton,26-014,1996,26,20,1855,20.6,2,2,2,0,0,1,0,0.10,0.10,0.19,0.10,0.19,1.7,1.7,2.8,4.5,0.08,0.14,0.22,0.08,0.22,Matches
229,Daniel James\c931d9f9,wls WAL,FW,Manchester Utd,24-188,1997,2,2,126,1.4,0,0,0,0,0,0,0,0.00,0.00,0.00,0.00,0.00,0.2,0.2,0.0,0.3,0.17,0.01,0.19,0.17,0.19,Matches
230,Daniel James\c931d9f9,wls WAL,FWMF,Leeds United,24-188,1997,32,29,2366,26.3,4,4,4,0,0,7,1,0.15,0.15,0.30,0.15,0.30,5.7,5.7,2.4,8.1,0.22,0.09,0.31,0.22,0.31,Matches
231,Reece James\1265a93a,eng ENG,DF,Chelsea,22-160,1999,24,20,1684,18.7,5,7,5,0,0,4,1,0.27,0.37,0.64,0.27,0.64,2.4,2.4,5.1,7.5,0.13,0.27,0.40,0.13,0.40,Matches
232,Vitaly Janelt\8449d35e,de GER,MF,Brentford,24-007,1998,30,26,2208,24.5,4,0,4,0,0,3,0,0.16,0.00,0.16,0.16,0.16,2.5,2.5,2.2,4.7,0.10,0.09,0.19,0.10,0.19,Matches
233,Pontus Jansson\172e52d8,se SWE,DF,Brentford,31-093,1991,36,36,3231,35.9,3,1,3,0,0,7,0,0.08,0.03,0.11,0.08,0.11,2.9,2.9,0.5,3.4,0.08,0.01,0.09,0.08,0.09,Matches
234,Mathias Jensen\0f134faf,dk DEN,MF,Brentford,26-136,1996,30,18,1544,17.2,0,1,0,0,0,0,0,0.00,0.06,0.06,0.00,0.06,2.2,2.2,3.2,5.4,0.13,0.19,0.32,0.13,0.32,Matches
235,Gabriel Jesus\b66315ae,br BRA,FW,Manchester City,25-044,1997,27,20,1787,19.9,8,8,7,1,1,1,0,0.40,0.40,0.81,0.35,0.76,9.4,8.6,5.3,13.9,0.47,0.27,0.74,0.43,0.70,Matches
236,Raúl Jiménez\b561db50,mx MEX,FW,Wolves,31-012,1991,33,29,2541,28.2,6,3,5,1,1,9,2,0.21,0.11,0.32,0.18,0.28,6.6,6.1,2.1,8.2,0.23,0.08,0.31,0.21,0.29,Matches
237,Joelinton\c17bfb65,br BRA,MFFW,Newcastle Utd,25-276,1996,34,29,2548,28.3,4,1,4,0,0,8,0,0.14,0.04,0.18,0.14,0.18,4.0,4.0,1.8,5.8,0.15,0.06,0.21,0.15,0.21,Matches
238,Ben Johnson\9319781b,eng ENG,DF,West Ham,22-113,2000,19,16,1387,15.4,1,0,1,0,0,1,0,0.06,0.00,0.06,0.06,0.06,0.1,0.1,0.8,0.9,0.01,0.05,0.06,0.01,0.06,Matches
239,Curtis Jones\4fb9c88f,eng ENG,MF,Liverpool,21-107,2001,14,9,761,8.5,1,1,1,0,0,0,0,0.12,0.12,0.24,0.12,0.24,0.8,0.8,0.6,1.3,0.09,0.07,0.16,0.09,0.16,Matches
240,Phil Jones\def899bd,eng ENG,DF,Manchester Utd,30-085,1992,4,2,163,1.8,0,0,0,0,0,0,0,0.00,0.00,0.00,0.00,0.00,0.0,0.0,0.0,0.0,0.00,0.01,0.01,0.00,0.01,Matches
241,Jorginho\45db685d,it ITA,MF,Chelsea,30-148,1991,28,25,2183,24.3,6,2,0,6,7,4,0,0.25,0.08,0.33,0.00,0.08,5.7,0.4,2.6,3.1,0.24,0.11,0.35,0.02,0.13,Matches
242,Diogo Jota\178ae8f8,pt POR,FW,Liverpool,25-164,1996,33,25,2217,24.6,15,3,15,0,0,3,0,0.61,0.12,0.73,0.61,0.73,15.2,15.2,5.4,20.6,0.62,0.22,0.83,0.62,0.83,Matches
243,James Justin\fb614c44,eng ENG,DF,Leicester City,24-083,1998,12,10,908,10.1,0,0,0,0,0,0,0,0.00,0.00,0.00,0.00,0.00,0.6,0.6,1.0,1.6,0.06,0.09,0.16,0.06,0.16,Matches
244,Mathias Jørgensen\0db5d2c8,dk DEN,DF,Brentford,32-024,1990,8,6,518,5.8,1,0,1,0,0,2,0,0.17,0.00,0.17,0.17,0.17,0.1,0.1,0.1,0.2,0.02,0.02,0.03,0.02,0.03,Matches
245,Ozan Kabak\2d61d13a,tr TUR,DF,Norwich City,22-053,2000,11,11,922,10.2,0,0,0,0,0,2,0,0.00,0.00,0.00,0.00,0.00,0.2,0.2,0.0,0.2,0.02,0.00,0.02,0.02,0.02,Matches
246,Christian Kabasele\914ab9a1,be BEL,DF,Watford,31-082,1991,15,11,1103,12.3,0,0,0,0,0,0,0,0.00,0.00,0.00,0.00,0.00,0.7,0.7,0.0,0.8,0.06,0.00,0.06,0.06,0.06,Matches
247,Samuel Kalu\b8d22478,ng NGA,FW,Watford,24-264,1997,4,2,222,2.5,0,0,0,0,0,0,0,0.00,0.00,0.00,0.00,0.00,0.3,0.3,0.2,0.4,0.12,0.06,0.18,0.12,0.18,Matches
248,Hassane Kamara\19a12bed,ci CIV,DF,Watford,28-073,1994,18,17,1546,17.2,1,0,1,0,0,5,1,0.06,0.00,0.06,0.06,0.06,0.2,0.2,0.4,0.6,0.01,0.03,0.03,0.01,0.03,Matches
249,Harry Kane\21a66f6a,eng ENG,FW,Tottenham,28-293,1993,36,35,3142,34.9,16,8,12,4,4,5,0,0.46,0.23,0.69,0.34,0.57,19.3,16.2,8.3,24.5,0.55,0.24,0.79,0.47,0.70,Matches
250,N'Golo Kanté\b9fbae28,fr FRA,MF,Chelsea,31-049,1991,24,19,1612,17.9,2,4,2,0,0,1,0,0.11,0.22,0.33,0.11,0.33,1.8,1.8,2.1,4.0,0.10,0.12,0.22,0.10,0.22,Matches
251,Edo Kayembe\f99b71de,cd COD,MF,Watford,23-287,1998,12,8,718,8.0,0,0,0,0,0,0,0,0.00,0.00,0.00,0.00,0.00,0.1,0.1,0.3,0.4,0.01,0.04,0.05,0.01,0.05,Matches
252,Moise Kean\3d50bcdb,it ITA,FW,Everton,22-078,2000,1,0,1,0.0,0,0,0,0,0,0,0,0.00,0.00,0.00,0.00,0.00,0.0,0.0,0.0,0.0,0.00,0.00,0.00,0.00,0.00,Matches
253,Michael Keane\c5b7c315,eng ENG,DF,Everton,29-126,1993,30,29,2612,29.0,2,2,2,0,0,3,1,0.07,0.07,0.14,0.07,0.14,1.1,1.1,0.6,1.7,0.04,0.02,0.06,0.04,0.06,Matches
254,Naby Keïta\f25c8e3a,gn GUI,MF,Liverpool,27-096,1995,21,13,1096,12.2,3,1,3,0,0,3,0,0.25,0.08,0.33,0.25,0.33,2.0,2.0,1.4,3.4,0.16,0.12,0.28,0.16,0.28,Matches
255,Caoimhín Kelleher\62d7ef38,ie IRL,GK,Liverpool,23-175,1998,2,2,180,2.0,0,0,0,0,0,0,0,0.00,0.00,0.00,0.00,0.00,0.0,0.0,0.0,0.0,0.00,0.00,0.00,0.00,0.00,Matches
256,Jonjoe Kenny\099e666f,eng ENG,DF,Everton,25-063,1997,13,10,927,10.3,0,1,0,0,0,3,1,0.00,0.10,0.10,0.00,0.10,0.3,0.3,0.5,0.8,0.03,0.05,0.08,0.03,0.08,Matches
257,Max Kilman\d0f72bf1,eng ENG,DF,Wolves,24-359,1997,30,30,2687,29.9,1,0,1,0,0,3,0,0.03,0.00,0.03,0.03,0.03,1.0,1.0,0.0,1.0,0.03,0.00,0.03,0.03,0.03,Matches
258,Joshua King\43458538,no NOR,FW,Watford,30-122,1992,31,26,2177,24.2,5,3,4,1,1,5,0,0.21,0.12,0.33,0.17,0.29,8.0,7.2,3.1,10.4,0.33,0.13,0.46,0.30,0.43,Matches
259,Kristoffer Klaesson\3f70db80,no NOR,GK,Leeds United,21-171,2000,1,0,36,0.4,0,0,0,0,0,0,0,0.00,0.00,0.00,0.00,0.00,0.0,0.0,0.0,0.0,0.00,0.00,0.00,0.00,0.00,Matches
260,Mateusz Klich\282679b4,pl POL,MF,Leeds United,31-338,1990,32,26,2067,23.0,1,2,1,0,0,5,0,0.04,0.09,0.13,0.04,0.13,2.7,2.7,2.2,4.8,0.12,0.09,0.21,0.12,0.21,Matches
261,Robin Koch\ea6bc03a,de GER,MFDF,Leeds United,25-304,1996,19,16,1484,16.5,0,0,0,0,0,3,0,0.00,0.00,0.00,0.00,0.00,0.7,0.7,0.5,1.3,0.04,0.03,0.08,0.04,0.08,Matches
262,Sead Kolašinac\3935e52e,ba BIH,DF,Arsenal,28-331,1993,2,1,91,1.0,0,0,0,0,0,1,0,0.00,0.00,0.00,0.00,0.00,0.0,0.0,0.0,0.0,0.00,0.00,0.00,0.00,0.00,Matches
263,Ibrahima Konaté\5ed9b537,fr FRA,DF,Liverpool,22-357,1999,9,9,810,9.0,0,0,0,0,0,2,0,0.00,0.00,0.00,0.00,0.00,0.2,0.2,0.1,0.3,0.02,0.01,0.03,0.02,0.03,Matches
264,Ezri Konsa\0313a347,eng ENG,DF,Aston Villa,24-206,1997,29,29,2477,27.5,2,0,2,0,0,6,2,0.07,0.00,0.07,0.07,0.07,1.5,1.5,0.3,1.7,0.05,0.01,0.06,0.05,0.06,Matches
265,Cheikhou Kouyaté\8d3c902d,sn SEN,MF,Crystal Palace,32-147,1989,26,23,1950,21.7,0,1,0,0,0,3,0,0.00,0.05,0.05,0.00,0.05,0.6,0.6,0.7,1.3,0.03,0.03,0.06,0.03,0.06,Matches
266,Mateo Kovačić\79c0821a,hr CRO,MF,Chelsea,28-011,1994,25,16,1558,17.3,2,5,2,0,0,4,0,0.12,0.29,0.40,0.12,0.40,1.8,1.8,3.6,5.4,0.11,0.21,0.31,0.11,0.31,Matches
267,Emil Krafth\77cf6852,se SWE,DF,Newcastle Utd,27-288,1994,20,18,1634,18.2,0,1,0,0,0,5,0,0.00,0.06,0.06,0.00,0.06,0.2,0.2,0.6,0.8,0.01,0.04,0.05,0.01,0.05,Matches
268,Alex Král\e717705a,cz CZE,MF,West Ham,23-363,1998,1,0,1,0.0,0,0,0,0,0,0,0,0.00,0.00,0.00,0.00,0.00,0.0,0.0,0.0,0.0,0.00,0.00,0.00,0.00,0.00,Matches
269,Tim Krul\f23f9d20,nl NED,GK,Norwich City,34-044,1988,28,28,2520,28.0,0,0,0,0,0,1,0,0.00,0.00,0.00,0.00,0.00,0.0,0.0,0.4,0.4,0.00,0.02,0.02,0.00,0.02,Matches
270,Juraj Kucka\5aaef9ef,sk SVK,MF,Watford,35-080,1987,26,22,1920,21.3,1,1,1,0,0,5,1,0.05,0.05,0.09,0.05,0.09,3.1,3.1,0.9,4.0,0.15,0.04,0.19,0.15,0.19,Matches
271,Dejan Kulusevski\df3cda47,se SWE,MFFW,Tottenham,22-022,2000,17,13,1194,13.3,3,8,3,0,0,3,0,0.23,0.60,0.83,0.23,0.83,2.6,2.6,3.5,6.0,0.19,0.26,0.45,0.19,0.45,Matches
272,Alexandre Lacazette\9dbb75ca,fr FRA,FWMF,Arsenal,30-354,1991,29,20,1758,19.5,4,7,2,2,3,0,0,0.20,0.36,0.56,0.10,0.46,7.8,5.5,1.9,7.5,0.41,0.10,0.51,0.29,0.39,Matches
273,Adam Lallana\99813635,eng ENG,MF,Brighton,34-007,1988,24,18,1561,17.3,0,1,0,0,0,4,0,0.00,0.06,0.06,0.00,0.06,1.2,1.2,0.7,1.9,0.07,0.04,0.11,0.07,0.11,Matches
274,Tariq Lamptey\f4e433d4,eng ENG,DFFW,Brighton,21-229,2000,29,16,1545,17.2,0,2,0,0,0,4,0,0.00,0.12,0.12,0.00,0.12,0.8,0.8,2.0,2.8,0.04,0.12,0.16,0.04,0.16,Matches
275,Manuel Lanzini\26f6dca8,ar ARG,MF,West Ham,29-091,1993,29,18,1706,19.0,5,3,2,3,3,2,0,0.26,0.16,0.42,0.11,0.26,3.5,1.2,2.2,3.4,0.18,0.11,0.30,0.06,0.18,Matches
276,Aymeric Laporte\119b9a8e,es ESP,DF,Manchester City,27-355,1994,32,32,2738,30.4,4,0,4,0,0,5,1,0.13,0.00,0.13,0.13,0.13,4.4,4.4,0.5,4.9,0.14,0.02,0.16,0.14,0.16,Matches
277,Jamaal Lascelles\450ab6fc,eng ENG,DF,Newcastle Utd,28-187,1993,25,21,1968,21.9,1,0,1,0,0,5,0,0.05,0.00,0.05,0.05,0.05,1.0,1.0,0.3,1.2,0.04,0.01,0.06,0.04,0.06,Matches
278,Pierre Lees-Melou\f5044e54,fr FRA,MF,Norwich City,28-357,1993,32,26,2195,24.4,1,0,1,0,0,5,0,0.04,0.00,0.04,0.04,0.04,1.6,1.6,1.7,3.4,0.07,0.07,0.14,0.07,0.14,Matches
279,Aaron Lennon\2ff964a0,eng ENG,MF,Burnley,35-031,1987,26,17,1521,16.9,2,0,2,0,0,2,0,0.12,0.00,0.12,0.12,0.12,1.1,1.1,0.5,1.6,0.06,0.03,0.09,0.06,0.09,Matches
280,Bernd Leno\2628fd2b,de GER,GK,Arsenal,30-074,1992,4,4,360,4.0,0,0,0,0,0,0,0,0.00,0.00,0.00,0.00,0.00,0.0,0.0,0.0,0.0,0.00,0.00,0.00,0.00,0.00,Matches
281,Jamal Lewis\efb9215a,nir NIR,DF,Newcastle Utd,24-112,1998,5,4,262,2.9,0,0,0,0,0,1,0,0.00,0.00,0.00,0.00,0.00,0.0,0.0,0.0,0.0,0.00,0.01,0.01,0.00,0.01,Matches
282,Victor Lindelöf\f5deef4c,se SWE,DF,Manchester Utd,27-304,1994,27,25,2265,25.2,0,2,0,0,0,3,0,0.00,0.08,0.08,0.00,0.08,0.3,0.3,0.5,0.8,0.01,0.02,0.03,0.01,0.03,Matches
283,Jesse Lingard\810e3c74,eng ENG,FWMF,Manchester Utd,29-153,1992,16,2,367,4.1,2,0,2,0,0,1,0,0.49,0.00,0.49,0.49,0.49,0.7,0.7,0.4,1.1,0.17,0.10,0.26,0.17,0.26,Matches
284,Valentino Livramento\afed6722,eng ENG,DF,Southampton,19-186,2002,28,25,2202,24.5,1,1,1,0,0,2,0,0.04,0.04,0.08,0.04,0.08,1.2,1.2,2.3,3.4,0.05,0.09,0.14,0.05,0.14,Matches
285,Diego Llorente\bba30585,es ESP,DF,Leeds United,28-274,1993,27,27,2250,25.0,3,0,3,0,0,7,0,0.12,0.00,0.12,0.12,0.12,1.4,1.4,0.1,1.4,0.05,0.00,0.06,0.05,0.06,Matches
286,Hugo Lloris\8f62b6ee,fr FRA,GK,Tottenham,35-142,1986,37,37,3330,37.0,0,0,0,0,0,2,0,0.00,0.00,0.00,0.00,0.00,0.0,0.0,0.5,0.5,0.00,0.01,0.01,0.00,0.01,Matches
287,Giovani Lo Celso\d7553721,ar ARG,MFFW,Tottenham,26-038,1996,9,2,238,2.6,0,0,0,0,0,0,0,0.00,0.00,0.00,0.00,0.00,0.7,0.7,0.6,1.4,0.28,0.24,0.52,0.28,0.52,Matches
288,Jürgen Locadia\6cc47ae1,nl NED,FW,Brighton,28-191,1993,1,0,23,0.3,0,0,0,0,0,0,0,0.00,0.00,0.00,0.00,0.00,0.1,0.1,0.0,0.1,0.45,0.00,0.45,0.45,0.45,Matches
289,Ruben Loftus-Cheek\e97fd090,eng ENG,MFDF,Chelsea,26-114,1996,23,13,1375,15.3,0,2,0,0,0,1,0,0.00,0.13,0.13,0.00,0.13,1.2,1.2,1.8,3.0,0.08,0.12,0.20,0.08,0.20,Matches
290,Kevin Long\5a4280b1,ie IRL,DF,Burnley,31-272,1990,4,2,230,2.6,0,0,0,0,0,0,0,0.00,0.00,0.00,0.00,0.00,0.1,0.1,0.0,0.1,0.06,0.00,0.06,0.06,0.06,Matches
291,Shane Long\9f472354,ie IRL,FW,Southampton,35-115,1987,12,3,300,3.3,1,0,1,0,0,1,0,0.30,0.00,0.30,0.30,0.30,1.0,1.0,0.1,1.1,0.31,0.03,0.34,0.31,0.34,Matches
292,Sean Longstaff\a2b105e0,eng ENG,MF,Newcastle Utd,24-199,1997,23,14,1374,15.3,1,1,1,0,0,1,0,0.07,0.07,0.13,0.07,0.13,1.2,1.2,0.4,1.6,0.08,0.03,0.11,0.08,0.11,Matches
293,Ademola Lookman\7c104bb7,ng NGA,FWMF,Leicester City,24-209,1997,25,16,1439,16.0,6,0,6,0,0,2,0,0.38,0.00,0.38,0.38,0.38,5.1,5.1,1.9,6.9,0.32,0.12,0.43,0.32,0.43,Matches
294,Jonas Lössl\939bc634,dk DEN,GK,Brentford,33-105,1989,2,2,180,2.0,0,0,0,0,0,0,0,0.00,0.00,0.00,0.00,0.00,0.0,0.0,0.0,0.0,0.00,0.00,0.00,0.00,0.00,Matches
295,Imran Louza\e1df6989,ma MAR,MF,Watford,23-016,1999,20,17,1416,15.7,0,0,0,0,0,6,0,0.00,0.00,0.00,0.00,0.00,1.1,1.1,1.0,2.1,0.07,0.06,0.14,0.07,0.14,Matches
296,Matthew Lowton\9a9c05db,eng ENG,DF,Burnley,32-342,1989,24,20,1767,19.6,1,2,1,0,0,3,0,0.05,0.10,0.15,0.05,0.15,0.6,0.6,1.3,1.9,0.03,0.07,0.10,0.03,0.10,Matches
297,Douglas Luiz\6f7d826d,br BRA,MF,Aston Villa,24-008,1998,32,29,2535,28.2,2,3,2,0,0,7,0,0.07,0.11,0.18,0.07,0.18,2.0,2.0,2.4,4.4,0.07,0.09,0.16,0.07,0.16,Matches
298,Romelu Lukaku\5eae500a,be BEL,FW,Chelsea,29-004,1993,25,15,1512,16.8,8,0,7,1,1,0,0,0.48,0.00,0.48,0.42,0.42,6.6,5.8,2.4,8.2,0.39,0.14,0.53,0.35,0.49,Matches
299,Lyanco\b5bf1770,br BRA,DF,Southampton,25-105,1997,13,7,731,8.1,0,0,0,0,0,2,0,0.00,0.00,0.00,0.00,0.00,0.2,0.2,0.1,0.3,0.02,0.02,0.04,0.02,0.04,Matches
300,Alexis Mac Allister\83d074ff,ar ARG,MFFW,Brighton,23-144,1998,32,21,2033,22.6,5,2,3,2,3,4,0,0.22,0.09,0.31,0.13,0.22,6.5,4.2,1.4,5.6,0.29,0.06,0.35,0.19,0.25,Matches
301,James Maddison\ee38d9c5,eng ENG,MFFW,Leicester City,25-175,1996,33,26,2288,25.4,10,7,10,0,0,3,0,0.39,0.28,0.67,0.39,0.67,7.5,7.5,4.3,11.7,0.29,0.17,0.46,0.29,0.46,Matches
302,Harry Maguire\d8931174,eng ENG,DF,Manchester Utd,29-073,1993,29,27,2425,26.9,1,0,1,0,0,9,1,0.04,0.00,0.04,0.04,0.04,1.7,1.7,0.2,1.9,0.06,0.01,0.07,0.06,0.07,Matches
303,Riyad Mahrez\892d5bb1,dz ALG,FW,Manchester City,31-085,1991,27,14,1443,16.0,11,5,7,4,5,0,0,0.69,0.31,1.00,0.44,0.75,10.0,6.2,3.6,9.9,0.63,0.23,0.85,0.39,0.61,Matches
304,Ainsley Maitland-Niles\e3a5814e,eng ENG,MF,Arsenal,24-261,1997,8,2,268,3.0,0,0,0,0,0,0,0,0.00,0.00,0.00,0.00,0.00,0.0,0.0,0.3,0.4,0.01,0.12,0.13,0.01,0.13,Matches
305,Sadio Mané\c691bfe2,sn SEN,FW,Liverpool,30-037,1992,33,31,2729,30.3,15,2,15,0,0,5,0,0.49,0.07,0.56,0.49,0.56,16.2,16.2,4.2,20.4,0.53,0.14,0.67,0.53,0.67,Matches
306,Javier Manquillo\758dd7f0,es ESP,DF,Newcastle Utd,28-012,1994,19,15,1257,14.0,1,2,1,0,0,5,0,0.07,0.14,0.21,0.07,0.21,0.5,0.5,0.3,0.8,0.03,0.02,0.06,0.03,0.06,Matches
307,Fernando Marçal\9ae9eaea,br BRA,DF,Wolves,33-087,1989,18,17,1449,16.1,0,0,0,0,0,3,0,0.00,0.00,0.00,0.00,0.00,0.5,0.5,0.7,1.2,0.03,0.04,0.08,0.03,0.08,Matches
308,Solly March\bb5fbd2b,eng ENG,DFFW,Brighton,27-301,1994,30,16,1672,18.6,0,1,0,0,0,1,0,0.00,0.05,0.05,0.00,0.05,1.5,1.5,2.6,4.2,0.08,0.14,0.22,0.08,0.22,Matches
309,Pablo Marí\aa54ec6f,es ESP,DF,Arsenal,28-259,1993,2,2,180,2.0,0,0,0,0,0,1,0,0.00,0.00,0.00,0.00,0.00,0.3,0.3,0.1,0.4,0.15,0.05,0.21,0.15,0.21,Matches
310,Anthony Martial\8b788c01,fr FRA,FW,Manchester Utd,26-163,1995,8,2,212,2.4,1,0,1,0,0,0,0,0.42,0.00,0.42,0.42,0.42,0.4,0.4,0.1,0.6,0.19,0.06,0.25,0.19,0.25,Matches
311,Martinelli\48a5a5d6,br BRA,FWMF,Arsenal,20-333,2001,28,20,1770,19.7,5,5,5,0,0,3,1,0.25,0.25,0.51,0.25,0.51,5.5,5.5,3.0,8.5,0.29,0.15,0.44,0.29,0.44,Matches
312,Emiliano Martínez\7956236f,ar ARG,GK,Aston Villa,29-257,1992,35,35,3150,35.0,0,0,0,0,0,4,0,0.00,0.00,0.00,0.00,0.00,0.0,0.0,0.0,0.0,0.00,0.00,0.00,0.00,0.00,Matches
313,Adam Masina\de0f152c,ma MAR,DF,Watford,28-135,1994,14,13,1064,11.8,0,0,0,0,0,0,0,0.00,0.00,0.00,0.00,0.00,0.4,0.4,0.5,0.9,0.03,0.04,0.08,0.03,0.08,Matches
314,Arthur Masuaku\57df7a11,cd COD,DFFW,West Ham,28-191,1993,13,6,650,7.2,1,1,1,0,0,1,0,0.14,0.14,0.28,0.14,0.28,0.1,0.1,0.9,1.0,0.01,0.12,0.14,0.01,0.14,Matches
315,Juan Mata\29733c72,es ESP,MF,Manchester Utd,34-019,1988,6,2,206,2.3,0,0,0,0,0,0,0,0.00,0.00,0.00,0.00,0.00,0.3,0.3,0.2,0.5,0.13,0.07,0.20,0.13,0.20,Matches
316,Jean-Philippe Mateta\50e6dc35,fr FRA,FW,Crystal Palace,24-323,1997,21,12,1065,11.8,4,1,4,0,0,2,0,0.34,0.08,0.42,0.34,0.42,4.9,4.9,1.4,6.3,0.42,0.12,0.53,0.42,0.53,Matches
317,Nemanja Matić\eb7822d7,rs SRB,MF,Manchester Utd,33-289,1988,23,16,1382,15.4,0,4,0,0,0,3,0,0.00,0.26,0.26,0.00,0.26,0.2,0.2,1.7,1.8,0.01,0.11,0.12,0.01,0.12,Matches
318,Joël Matip\b217ef29,cm CMR,DF,Liverpool,30-282,1991,29,29,2610,29.0,2,2,2,0,0,1,0,0.07,0.07,0.14,0.07,0.14,2.9,2.9,0.8,3.7,0.10,0.03,0.13,0.10,0.13,Matches
319,Neal Maupay\4bcf39f6,fr FRA,FW,Brighton,25-276,1996,31,25,2231,24.8,8,2,7,1,2,6,0,0.32,0.08,0.40,0.28,0.36,7.5,6.0,2.2,8.1,0.30,0.09,0.39,0.24,0.33,Matches
320,Bryan Mbeumo\6afaebf2,fr FRA,FW,Brentford,22-283,1999,34,33,2815,31.3,4,7,3,1,1,4,0,0.13,0.22,0.35,0.10,0.32,9.3,8.6,3.5,12.0,0.30,0.11,0.41,0.27,0.38,Matches
321,James McArthur\cee31595,sct SCO,MF,Crystal Palace,34-222,1987,20,15,1431,15.9,0,3,0,0,0,4,0,0.00,0.19,0.19,0.00,0.19,0.3,0.3,1.1,1.4,0.02,0.07,0.09,0.02,0.09,Matches
322,James Mcatee\96593e89,eng ENG,MFFW,Manchester City,19-211,2002,2,0,20,0.2,0,0,0,0,0,0,0,0.00,0.00,0.00,0.00,0.00,0.0,0.0,0.0,0.0,0.19,0.00,0.19,0.19,0.19,Matches
323,Kasey McAteer\b2c66859,eng ENG,FW,Leicester City,20-176,2001,1,0,3,0.0,0,0,0,0,0,0,0,0.00,0.00,0.00,0.00,0.00,0.0,0.0,0.0,0.0,0.00,0.00,0.00,0.00,0.00,Matches
324,Liam McCarron\076bb352,sct SCO,FW,Leeds United,21-071,2001,1,0,10,0.1,0,0,0,0,0,0,0,0.00,0.00,0.00,0.00,0.00,0.0,0.0,0.0,0.0,0.00,0.00,0.00,0.00,0.00,Matches
325,Alex McCarthy\36c2ca73,eng ENG,GK,Southampton,32-165,1989,15,15,1350,15.0,0,0,0,0,0,1,0,0.00,0.00,0.00,0.00,0.00,0.0,0.0,0.0,0.0,0.00,0.00,0.00,0.00,0.00,Matches
326,John McGinn\90f91999,sct SCO,MF,Aston Villa,27-211,1994,33,33,2910,32.3,3,3,3,0,0,8,0,0.09,0.09,0.19,0.09,0.19,1.4,1.4,4.7,6.1,0.04,0.14,0.19,0.04,0.19,Matches
327,Stuart McKinstry\1000a059,sct SCO,MF,Leeds United,19-241,2002,1,0,4,0.0,0,0,0,0,0,0,0,0.00,0.00,0.00,0.00,0.00,0.0,0.0,0.0,0.0,0.00,0.00,0.00,0.00,0.00,Matches
328,Kenny McLean\471f16b3,sct SCO,MF,Norwich City,30-129,1992,31,29,2706,30.1,1,0,1,0,0,3,0,0.03,0.00,0.03,0.03,0.03,1.9,1.9,0.7,2.6,0.06,0.02,0.09,0.06,0.09,Matches
329,Dwight McNeil\fc15fb84,eng ENG,MF,Burnley,22-176,1999,36,33,2939,32.7,0,1,0,0,0,1,0,0.00,0.03,0.03,0.00,0.03,2.2,2.2,4.8,6.9,0.07,0.15,0.21,0.07,0.21,Matches
330,Scott McTominay\d93c2511,sct SCO,MF,Manchester Utd,25-160,1996,29,27,2297,25.5,1,1,1,0,0,9,0,0.04,0.04,0.08,0.04,0.08,1.2,1.2,1.6,2.8,0.05,0.06,0.11,0.05,0.11,Matches
331,Ben Mee\8df7a2fb,eng ENG,DF,Burnley,32-236,1989,21,21,1839,20.4,3,0,3,0,0,3,0,0.15,0.00,0.15,0.15,0.15,1.8,1.8,0.1,1.9,0.09,0.00,0.09,0.09,0.09,Matches
332,Hannibal Mejbri\ca22ccb0,tn TUN,FW,Manchester Utd,19-116,2003,1,0,7,0.1,0,0,0,0,0,1,0,0.00,0.00,0.00,0.00,0.00,0.0,0.0,0.0,0.0,0.00,0.00,0.00,0.00,0.00,Matches
333,Benjamin Mendy\5271c8f1,fr FRA,DF,Manchester City,27-304,1994,1,1,78,0.9,0,0,0,0,0,0,0,0.00,0.00,0.00,0.00,0.00,0.0,0.0,0.3,0.3,0.00,0.30,0.30,0.00,0.30,Matches
334,Edouard Mendy\33887998,sn SEN,GK,Chelsea,30-077,1992,32,32,2880,32.0,0,0,0,0,0,3,0,0.00,0.00,0.00,0.00,0.00,0.0,0.0,0.0,0.0,0.00,0.00,0.00,0.00,0.00,Matches
335,Nampalys Mendy\1598599e,sn SEN,MF,Leicester City,29-328,1992,12,10,852,9.5,0,0,0,0,0,3,0,0.00,0.00,0.00,0.00,0.00,0.0,0.0,0.0,0.0,0.00,0.00,0.00,0.00,0.00,Matches
336,Illan Meslier\6b625ac2,fr FRA,GK,Leeds United,22-076,2000,37,37,3294,36.6,0,0,0,0,0,2,0,0.00,0.00,0.00,0.00,0.00,0.0,0.0,0.0,0.0,0.00,0.00,0.00,0.00,0.00,Matches
337,Luka Milivojević\2ce2508a,rs SRB,MF,Crystal Palace,31-040,1991,14,9,740,8.2,0,0,0,0,0,1,0,0.00,0.00,0.00,0.00,0.00,0.2,0.2,0.8,1.0,0.03,0.09,0.12,0.03,0.12,Matches
338,James Milner\2f90f6b8,eng ENG,MFDF,Liverpool,36-133,1986,22,8,718,8.0,0,1,0,0,0,2,0,0.00,0.13,0.13,0.00,0.13,0.2,0.2,1.8,2.1,0.03,0.23,0.26,0.03,0.26,Matches
339,Yerry Mina\6d5701f2,co COL,DF,Everton,27-236,1994,13,11,846,9.4,0,0,0,0,0,3,0,0.00,0.00,0.00,0.00,0.00,0.3,0.3,0.0,0.3,0.03,0.00,0.03,0.03,0.03,Matches
340,Takumi Minamino\f833a830,jp JPN,FWMF,Liverpool,27-121,1995,10,0,96,1.1,2,0,2,0,0,1,0,1.87,0.00,1.87,1.87,1.87,1.5,1.5,0.4,1.9,1.40,0.42,1.82,1.40,1.82,Matches
341,Tyrone Mings\8397a50c,eng ENG,DF,Aston Villa,29-065,1993,34,33,3009,33.4,1,3,1,0,0,10,0,0.03,0.09,0.12,0.03,0.12,1.4,1.4,1.5,2.9,0.04,0.05,0.09,0.04,0.09,Matches
342,Tyrick Mitchell\5cbd1eb0,eng ENG,DF,Crystal Palace,22-258,1999,34,33,2921,32.5,0,2,0,0,0,1,0,0.00,0.06,0.06,0.00,0.06,0.3,0.3,1.3,1.6,0.01,0.04,0.05,0.01,0.05,Matches
343,Jakub Moder\f230bc30,pl POL,MFFW,Brighton,23-040,1999,28,19,1701,18.9,0,3,0,0,0,1,0,0.00,0.16,0.16,0.00,0.16,2.4,2.4,1.7,4.1,0.13,0.09,0.22,0.13,0.22,Matches
344,Wesley Moraes\bfae110f,br BRA,FW,Aston Villa,25-172,1996,1,0,1,0.0,0,0,0,0,0,0,0,0.00,0.00,0.00,0.00,0.00,0.0,0.0,0.0,0.0,0.00,0.00,0.00,0.00,0.00,Matches
345,Tyler Morton\2bc28bb9,eng ENG,MF,Liverpool,19-198,2002,2,1,66,0.7,0,0,0,0,0,1,0,0.00,0.00,0.00,0.00,0.00,0.0,0.0,0.0,0.0,0.00,0.00,0.00,0.00,0.00,Matches
346,Mason Mount\9674002f,eng ENG,MFFW,Chelsea,23-127,1999,31,26,2275,25.3,11,10,10,1,1,4,0,0.44,0.40,0.83,0.40,0.79,8.4,7.6,6.4,14.0,0.33,0.25,0.58,0.30,0.55,Matches
347,Lucas Moura\2b622f01,br BRA,FWMF,Tottenham,29-277,1992,33,19,1752,19.5,2,5,2,0,0,4,0,0.10,0.26,0.36,0.10,0.36,3.7,3.7,3.8,7.5,0.19,0.20,0.38,0.19,0.38,Matches
348,João Moutinho\f5a00fa4,pt POR,MF,Wolves,35-251,1986,34,33,2880,32.0,2,1,2,0,0,4,0,0.06,0.03,0.09,0.06,0.09,1.0,1.0,2.4,3.4,0.03,0.07,0.11,0.03,0.11,Matches
349,Bali Mumba\2d760d7b,eng ENG,DF,Norwich City,20-221,2001,1,0,45,0.5,0,0,0,0,0,0,0,0.00,0.00,0.00,0.00,0.00,0.0,0.0,0.0,0.0,0.00,0.00,0.00,0.00,0.00,Matches
350,Jacob Murphy\de112b84,eng ENG,DFFW,Newcastle Utd,27-082,1995,32,13,1393,15.5,1,2,1,0,0,4,0,0.06,0.13,0.19,0.06,0.19,2.7,2.7,2.1,4.8,0.17,0.14,0.31,0.17,0.31,Matches
351,Enock Mwepu\1d5cab82,zm ZAM,MFFW,Brighton,24-136,1998,17,12,984,10.9,2,4,2,0,0,2,0,0.18,0.37,0.55,0.18,0.55,1.8,1.8,1.4,3.2,0.17,0.12,0.29,0.17,0.29,Matches
352,Vitaliy Mykolenko\30d4a2e5,ua UKR,DF,Everton,22-353,1999,12,11,965,10.7,1,0,1,0,0,0,0,0.09,0.00,0.09,0.09,0.09,0.7,0.7,0.6,1.3,0.06,0.06,0.12,0.06,0.12,Matches
353,Marvelous Nakamba\de5b5570,zw ZIM,MF,Aston Villa,28-118,1994,15,10,885,9.8,0,0,0,0,0,4,0,0.00,0.00,0.00,0.00,0.00,0.0,0.0,0.1,0.1,0.00,0.01,0.01,0.00,0.01,Matches
354,Wilfred Ndidi\6b47c5db,ng NGA,MFDF,Leicester City,25-152,1996,19,18,1618,18.0,0,0,0,0,0,4,0,0.00,0.00,0.00,0.00,0.00,1.0,1.0,0.0,1.0,0.06,0.00,0.06,0.06,0.06,Matches
355,Tanguy Ndombele\5cdddffa,fr FRA,MF,Tottenham,25-140,1996,9,6,484,5.4,1,1,1,0,0,1,0,0.19,0.19,0.37,0.19,0.37,0.5,0.5,0.4,0.9,0.09,0.07,0.16,0.09,0.16,Matches
356,Reiss Nelson\c5bdb6e3,eng ENG,FW,Arsenal,22-158,1999,1,0,20,0.2,0,0,0,0,0,0,0,0.00,0.00,0.00,0.00,0.00,0.0,0.0,0.0,0.1,0.16,0.18,0.35,0.16,0.35,Matches
357,Pedro Neto\7ba2eaa9,pt POR,FWMF,Wolves,22-069,2000,12,4,445,4.9,0,1,0,0,0,3,0,0.00,0.20,0.20,0.00,0.20,1.1,1.1,1.0,2.1,0.23,0.20,0.43,0.23,0.43,Matches
358,Rúben Neves\44bfb6c5,pt POR,MF,Wolves,25-065,1997,32,30,2571,28.6,4,2,4,0,0,9,0,0.14,0.07,0.21,0.14,0.21,1.2,1.2,2.2,3.4,0.04,0.08,0.12,0.04,0.12,Matches
359,Jeremy Ngakia\3631ad41,eng ENG,DF,Watford,21-252,2000,16,9,903,10.0,0,0,0,0,0,0,0,0.00,0.00,0.00,0.00,0.00,0.1,0.1,0.5,0.6,0.01,0.05,0.06,0.01,0.06,Matches
360,Saúl Ñíguez\c14bc029,es ESP,DFMF,Chelsea,27-177,1994,9,4,390,4.3,0,0,0,0,0,1,0,0.00,0.00,0.00,0.00,0.00,0.1,0.1,0.3,0.5,0.03,0.07,0.11,0.03,0.11,Matches
361,Eddie Nketiah\a53649b7,eng ENG,FW,Arsenal,22-352,1999,20,7,769,8.5,4,1,4,0,0,3,0,0.47,0.12,0.59,0.47,0.59,4.4,4.4,1.3,5.7,0.58,0.17,0.76,0.58,0.76,Matches
362,Nicolas Nkoulou\93cf32a8,cm CMR,DF,Watford,32-051,1990,3,2,168,1.9,0,0,0,0,0,0,0,0.00,0.00,0.00,0.00,0.00,0.0,0.0,0.0,0.0,0.00,0.01,0.01,0.00,0.01,Matches
363,Mark Noble\ff527768,eng ENG,MF,West Ham,35-009,1987,10,3,322,3.6,1,0,0,1,2,0,0,0.28,0.00,0.28,0.00,0.00,1.5,0.0,0.2,0.2,0.42,0.05,0.48,0.00,0.05,Matches
364,Mathias Normann\8996350d,no NOR,MF,Norwich City,25-354,1996,22,19,1555,17.3,1,2,1,0,0,5,0,0.06,0.12,0.17,0.06,0.17,0.9,0.9,1.8,2.7,0.05,0.11,0.16,0.05,0.16,Matches
365,Christian Nørgaard\df0a4c90,dk DEN,MF,Brentford,28-068,1994,35,35,3054,33.9,3,4,3,0,0,8,0,0.09,0.12,0.21,0.09,0.21,3.2,3.2,3.2,6.4,0.10,0.09,0.19,0.10,0.19,Matches
366,Angelo Ogbonna\74b2cd7e,it ITA,DF,West Ham,33-359,1988,11,11,921,10.2,1,0,1,0,0,1,0,0.10,0.00,0.10,0.10,0.10,0.3,0.3,0.0,0.3,0.03,0.00,0.03,0.03,0.03,Matches
367,Michael Olise\c4486bac,fr FRA,FWMF,Crystal Palace,20-156,2001,26,12,1141,12.7,2,5,2,0,0,4,0,0.16,0.39,0.55,0.16,0.55,1.4,1.4,3.6,5.0,0.11,0.28,0.39,0.11,0.39,Matches
368,Andrew Omobamidele\c393a6c4,ie IRL,DF,Norwich City,19-328,2002,5,4,382,4.2,1,0,1,0,0,1,0,0.24,0.00,0.24,0.24,0.24,0.3,0.3,0.0,0.3,0.08,0.00,0.08,0.08,0.08,Matches
369,Tyler Onyango\d86a1f3e,eng ENG,MFFW,Everton,19-074,2003,3,0,28,0.3,0,0,0,0,0,0,0,0.00,0.00,0.00,0.00,0.00,0.0,0.0,0.0,0.0,0.10,0.00,0.10,0.10,0.10,Matches
370,Frank Onyeka\2944f86f,ng NGA,MF,Brentford,24-136,1998,20,12,1045,11.6,0,0,0,0,0,4,0,0.00,0.00,0.00,0.00,0.00,1.1,1.1,0.2,1.3,0.10,0.02,0.11,0.10,0.11,Matches
371,Divock Origi\43a166b4,be BEL,FW,Liverpool,27-029,1995,6,0,107,1.2,3,0,3,0,0,0,0,2.52,0.00,2.52,2.52,2.52,1.6,1.6,0.0,1.6,1.35,0.00,1.35,1.35,1.35,Matches
372,Alex Oxlade-Chamberlain\38c7feef,eng ENG,MFFW,Liverpool,28-275,1993,17,9,785,8.7,2,1,2,0,0,0,0,0.23,0.11,0.34,0.23,0.34,1.2,1.2,0.9,2.1,0.14,0.11,0.24,0.14,0.24,Matches
373,Cole Palmer\dc7f8a28,eng ENG,FWMF,Manchester City,20-011,2002,4,1,123,1.4,0,0,0,0,0,0,0,0.00,0.00,0.00,0.00,0.00,0.3,0.3,0.2,0.5,0.23,0.17,0.39,0.23,0.39,Matches
374,Emerson Palmieri\e0bc6fdc,it ITA,DF,Chelsea,27-287,1994,1,0,5,0.1,0,0,0,0,0,0,0,0.00,0.00,0.00,0.00,0.00,0.0,0.0,0.0,0.0,0.00,0.00,0.00,0.00,0.00,Matches
375,Thomas Partey\529f49ab,gh GHA,MF,Arsenal,28-338,1993,24,23,2028,22.5,2,1,2,0,0,6,0,0.09,0.04,0.13,0.09,0.13,2.5,2.5,1.3,3.8,0.11,0.06,0.17,0.11,0.17,Matches
376,João Pedro\e8832875,br BRA,FWMF,Watford,20-233,2001,27,14,1554,17.3,3,1,3,0,0,1,0,0.17,0.06,0.23,0.17,0.23,3.6,3.6,2.6,6.2,0.21,0.15,0.36,0.21,0.36,Matches
377,Nicolas Pépé\57e3f0c7,ci CIV,FWMF,Arsenal,26-353,1995,19,5,683,7.6,1,1,1,0,0,0,0,0.13,0.13,0.26,0.13,0.26,2.9,2.9,1.6,4.5,0.39,0.22,0.61,0.39,0.61,Matches
378,Ricardo Pereira\75a72a99,pt POR,DF,Leicester City,28-223,1993,13,13,970,10.8,1,2,1,0,0,3,0,0.09,0.19,0.28,0.09,0.28,0.7,0.7,1.2,1.9,0.06,0.11,0.17,0.06,0.17,Matches
379,Ayoze Pérez\819aa8e7,es ESP,MFFW,Leicester City,28-298,1993,12,6,404,4.5,0,3,0,0,0,0,1,0.00,0.67,0.67,0.00,0.67,1.1,1.1,0.8,2.0,0.25,0.19,0.44,0.25,0.44,Matches
380,Sonny Perkins\87f12e30,eng ENG,FW,West Ham,18-096,2004,1,0,4,0.0,0,0,0,0,0,0,0,0.00,0.00,0.00,0.00,0.00,0.0,0.0,0.0,0.0,0.00,0.00,0.00,0.00,0.00,Matches
381,Romain Perraud\6dfd8f05,fr FRA,DF,Southampton,24-237,1997,20,18,1623,18.0,0,1,0,0,0,3,0,0.00,0.06,0.06,0.00,0.06,0.9,0.9,0.6,1.6,0.05,0.04,0.09,0.05,0.09,Matches
382,Kalvin Phillips\4f565d77,eng ENG,MF,Leeds United,26-166,1995,19,17,1506,16.7,0,1,0,0,0,3,0,0.00,0.06,0.06,0.00,0.06,0.6,0.6,0.2,0.8,0.04,0.01,0.05,0.04,0.05,Matches
383,Jaden Philogene Bidace\19f4d211,eng ENG,FW,Aston Villa,19-364,2002,1,0,5,0.1,0,0,0,0,0,0,0,0.00,0.00,0.00,0.00,0.00,0.0,0.0,0.0,0.0,0.00,0.00,0.00,0.00,0.00,Matches
384,Jordan Pickford\4806ec67,eng ENG,GK,Everton,28-071,1994,34,34,3060,34.0,0,0,0,0,0,2,0,0.00,0.00,0.00,0.00,0.00,0.0,0.0,0.1,0.1,0.00,0.00,0.00,0.00,0.00,Matches
385,Erik Pieters\1ef37668,nl NED,DF,Burnley,33-283,1988,12,8,730,8.1,0,1,0,0,0,1,0,0.00,0.12,0.12,0.00,0.12,0.2,0.2,0.8,1.0,0.02,0.10,0.13,0.02,0.13,Matches
386,Ethan Pinnock\e541326e,jm JAM,DF,Brentford,28-353,1993,32,32,2694,29.9,1,1,1,0,0,1,0,0.03,0.03,0.07,0.03,0.07,1.5,1.5,1.2,2.8,0.05,0.04,0.09,0.05,0.09,Matches
387,Daniel Podence\7fcc71d8,pt POR,FWMF,Wolves,26-208,1995,26,15,1484,16.5,2,3,2,0,0,2,0,0.12,0.18,0.30,0.12,0.30,1.9,1.9,3.8,5.8,0.12,0.23,0.35,0.12,0.35,Matches
388,Paul Pogba\867239d3,fr FRA,MFFW,Manchester Utd,29-063,1993,20,16,1349,15.0,1,9,1,0,0,7,1,0.07,0.60,0.67,0.07,0.67,2.4,2.4,3.5,6.0,0.16,0.24,0.40,0.16,0.40,Matches
389,Nick Pope\4b40d9ca,eng ENG,GK,Burnley,30-028,1992,34,34,3060,34.0,0,0,0,0,0,1,0,0.00,0.00,0.00,0.00,0.00,0.0,0.0,0.2,0.2,0.00,0.01,0.01,0.00,0.01,Matches
390,Teemu Pukki\0745b37d,fi FIN,FW,Norwich City,32-049,1990,36,36,3163,35.1,11,3,8,3,3,4,0,0.31,0.09,0.40,0.23,0.31,11.3,9.1,2.7,11.8,0.32,0.08,0.40,0.26,0.34,Matches
391,Christian Pulisic\1bf33a9a,us USA,MFFW,Chelsea,23-241,1998,21,12,1219,13.5,6,2,6,0,0,2,0,0.44,0.15,0.59,0.44,0.59,4.5,4.5,1.2,5.7,0.33,0.09,0.42,0.33,0.42,Matches
392,Przemysław Płacheta\3c33f9d9,pl POL,FWMF,Norwich City,24-055,1998,12,6,504,5.6,0,0,0,0,0,1,0,0.00,0.00,0.00,0.00,0.00,0.5,0.5,0.7,1.3,0.10,0.13,0.23,0.10,0.23,Matches
393,Jesuran Rak Sakyi\45685411,eng ENG,MF,Crystal Palace,19-224,2002,1,0,14,0.2,0,0,0,0,0,0,0,0.00,0.00,0.00,0.00,0.00,0.0,0.0,0.0,0.0,0.00,0.00,0.00,0.00,0.00,Matches
394,Aaron Ramsdale\466fb2c5,eng ENG,GK,Arsenal,24-003,1998,33,33,2970,33.0,0,0,0,0,0,1,0,0.00,0.00,0.00,0.00,0.00,0.0,0.0,0.0,0.0,0.00,0.00,0.00,0.00,0.00,Matches
395,Jacob Ramsey\1544f145,eng ENG,MF,Aston Villa,20-354,2001,32,27,2314,25.7,6,1,6,0,0,6,0,0.23,0.04,0.27,0.23,0.27,3.8,3.8,2.0,5.8,0.15,0.08,0.22,0.15,0.22,Matches
396,Marcus Rashford\a1d5bd30,eng ENG,FWMF,Manchester Utd,24-198,1997,25,13,1235,13.7,4,2,4,0,0,2,0,0.29,0.15,0.44,0.29,0.44,2.4,2.4,2.0,4.4,0.18,0.14,0.32,0.18,0.32,Matches
397,Milot Rashica\6c6a3300,xk KVX,FWMF,Norwich City,25-323,1996,30,24,2139,23.8,1,2,1,0,0,0,0,0.04,0.08,0.13,0.04,0.13,2.7,2.7,2.4,5.1,0.11,0.10,0.21,0.11,0.21,Matches
398,David Raya\98ea5115,es ESP,GK,Brentford,26-244,1995,23,23,2070,23.0,0,0,0,0,0,0,0,0.00,0.00,0.00,0.00,0.00,0.0,0.0,0.0,0.0,0.00,0.00,0.00,0.00,0.00,Matches
399,Nathan Redmond\ab651565,eng ENG,MFFW,Southampton,28-072,1994,25,18,1661,18.5,0,5,0,0,0,0,0,0.00,0.27,0.27,0.00,0.27,1.9,1.9,4.4,6.2,0.10,0.24,0.34,0.10,0.34,Matches
400,Sergio Reguilón\3353737a,es ESP,DF,Tottenham,25-152,1996,25,22,1916,21.3,2,3,2,0,0,4,0,0.09,0.14,0.23,0.09,0.23,3.0,3.0,4.0,7.0,0.14,0.19,0.33,0.14,0.33,Matches
401,Declan Rice\1c7012b8,eng ENG,MF,West Ham,23-123,1999,35,34,3089,34.3,1,4,1,0,0,8,0,0.03,0.12,0.15,0.03,0.15,1.1,1.1,2.0,3.0,0.03,0.06,0.09,0.03,0.09,Matches
402,Taylor Richards\e0243d23,eng ENG,MFFW,Brighton,21-164,2000,2,0,25,0.3,0,0,0,0,0,0,0,0.00,0.00,0.00,0.00,0.00,0.0,0.0,0.0,0.0,0.14,0.00,0.14,0.14,0.14,Matches
403,Richarlison\fa031b34,br BRA,FWMF,Everton,25-007,1997,29,27,2434,27.0,9,5,6,3,3,9,0,0.33,0.18,0.52,0.22,0.41,9.9,7.6,2.5,10.1,0.37,0.09,0.46,0.28,0.37,Matches
404,Jaïro Riedewald\7a1f2c08,nl NED,MF,Crystal Palace,25-250,1996,3,1,118,1.3,0,0,0,0,0,0,0,0.00,0.00,0.00,0.00,0.00,0.0,0.0,0.1,0.1,0.00,0.06,0.06,0.00,0.06,Matches
405,Matt Ritchie\71ef519e,sct SCO,DF,Newcastle Utd,32-249,1989,17,14,1335,14.8,0,2,0,0,0,5,0,0.00,0.13,0.13,0.00,0.13,0.4,0.4,1.6,2.1,0.03,0.11,0.14,0.03,0.14,Matches
406,Connor Roberts\24fae784,wls WAL,DF,Burnley,26-236,1995,19,17,1557,17.3,1,1,1,0,0,2,0,0.06,0.06,0.12,0.06,0.12,0.1,0.1,0.5,0.6,0.01,0.03,0.04,0.01,0.04,Matches
407,Tyler Roberts\6c17e046,wls WAL,MFFW,Leeds United,23-125,1999,23,7,987,11.0,1,1,1,0,0,5,0,0.09,0.09,0.18,0.09,0.18,2.4,2.4,1.2,3.7,0.22,0.11,0.34,0.22,0.34,Matches
408,Andrew Robertson\2e4f5f03,sct SCO,DF,Liverpool,28-067,1994,28,28,2447,27.2,2,10,2,0,0,5,1,0.07,0.37,0.44,0.07,0.44,1.7,1.7,5.2,6.9,0.06,0.19,0.25,0.06,0.25,Matches
409,Joe Rodon\8d62d31a,wls WAL,DF,Tottenham,24-207,1997,3,0,89,1.0,0,0,0,0,0,0,0,0.00,0.00,0.00,0.00,0.00,0.0,0.0,0.0,0.0,0.00,0.00,0.00,0.00,0.00,Matches
410,Rodri\6434f10d,es ESP,MF,Manchester City,25-329,1996,32,32,2794,31.0,6,2,6,0,0,5,0,0.19,0.06,0.26,0.19,0.26,2.5,2.5,1.4,3.9,0.08,0.04,0.13,0.08,0.13,Matches
411,Rodrigo\1fb1c435,es ESP,MFFW,Leeds United,31-072,1991,30,26,2175,24.2,6,1,5,1,1,9,0,0.25,0.04,0.29,0.21,0.25,4.6,3.9,4.6,8.4,0.19,0.19,0.38,0.16,0.35,Matches
412,Jay Rodriguez\4ab53cdb,eng ENG,FW,Burnley,32-292,1989,29,13,1382,15.4,2,2,2,0,0,3,0,0.13,0.13,0.26,0.13,0.26,4.7,4.7,1.9,6.6,0.30,0.12,0.43,0.30,0.43,Matches
413,Mads Roerslev\57c94db2,dk DEN,DF,Brentford,22-327,1999,21,12,1240,13.8,1,1,1,0,0,1,0,0.07,0.07,0.15,0.07,0.15,0.3,0.3,1.0,1.3,0.02,0.07,0.09,0.02,0.09,Matches
414,Cristian Romero\a3d94a58,ar ARG,DF,Tottenham,24-020,1998,22,21,1844,20.5,1,0,1,0,0,8,0,0.05,0.00,0.05,0.05,0.05,0.7,0.7,0.5,1.1,0.03,0.02,0.05,0.03,0.05,Matches
415,Oriol Romeu\4b511457,es ESP,MF,Southampton,30-235,1991,34,33,2780,30.9,2,2,2,0,0,8,0,0.06,0.06,0.13,0.06,0.13,1.3,1.3,2.8,4.1,0.04,0.09,0.13,0.04,0.13,Matches
416,Cristiano Ronaldo\dea698d9,pt POR,FW,Manchester Utd,37-101,1985,30,27,2456,27.3,18,3,15,3,3,8,0,0.66,0.11,0.77,0.55,0.66,16.4,14.2,3.2,17.4,0.60,0.12,0.72,0.52,0.64,Matches
417,Salomón Rondón\b318a643,ve VEN,FW,Everton,32-243,1989,20,8,790,8.8,1,1,1,0,0,3,1,0.11,0.11,0.23,0.11,0.23,2.2,2.2,0.7,2.9,0.25,0.09,0.33,0.25,0.33,Matches
418,Danny Rose\89d10e53,eng ENG,DF,Watford,31-319,1990,8,7,689,7.7,0,0,0,0,0,4,0,0.00,0.00,0.00,0.00,0.00,0.2,0.2,0.8,0.9,0.02,0.10,0.12,0.02,0.12,Matches
419,Jon Rowe\8c12f884,eng ENG,FWMF,Norwich City,19-017,2003,13,0,223,2.5,0,1,0,0,0,0,0,0.00,0.40,0.40,0.00,0.40,0.4,0.4,0.3,0.7,0.16,0.14,0.30,0.16,0.30,Matches
420,John Ruddy\da8b19e2,eng ENG,GK,Wolves,35-205,1986,1,1,90,1.0,0,0,0,0,0,0,0,0.00,0.00,0.00,0.00,0.00,0.0,0.0,0.0,0.0,0.00,0.00,0.00,0.00,0.00,Matches
421,Antonio Rüdiger\18b896d6,de GER,DF,Chelsea,29-075,1993,32,32,2880,32.0,3,0,3,0,0,8,0,0.09,0.00,0.09,0.09,0.09,2.7,2.7,1.1,3.8,0.08,0.03,0.12,0.08,0.12,Matches
422,Lukas Rupp\3faa1780,de GER,MF,Norwich City,31-129,1991,18,7,749,8.3,0,0,0,0,0,0,0,0.00,0.00,0.00,0.00,0.00,0.7,0.7,1.2,1.9,0.08,0.14,0.23,0.08,0.23,Matches
423,José Sá\903b6e8b,pt POR,GK,Wolves,29-120,1993,36,36,3240,36.0,0,1,0,0,0,3,0,0.00,0.03,0.03,0.00,0.03,0.0,0.0,1.0,1.0,0.00,0.03,0.03,0.00,0.03,Matches
424,Allan Saint-Maximin\2b16cb1a,fr FRA,FWMF,Newcastle Utd,25-066,1997,34,30,2733,30.4,5,4,5,0,0,6,0,0.16,0.13,0.30,0.16,0.30,4.9,4.9,5.2,10.0,0.16,0.18,0.34,0.16,0.34,Matches
425,Romain Saïss\9fbbcf39,ma MAR,DF,Wolves,32-052,1990,31,31,2705,30.1,2,0,2,0,0,6,0,0.07,0.00,0.07,0.07,0.07,2.7,2.7,0.4,3.1,0.09,0.01,0.10,0.09,0.10,Matches
426,Bukayo Saka\bc7dc64d,eng ENG,FWMF,Arsenal,20-254,2001,37,35,2901,32.2,11,6,9,2,2,6,0,0.34,0.19,0.53,0.28,0.47,9.3,7.7,6.7,14.4,0.30,0.21,0.51,0.25,0.46,Matches
427,Mohamed Salah\e342ad68,eg EGY,FW,Liverpool,29-336,1992,34,30,2729,30.3,22,13,17,5,6,1,0,0.73,0.43,1.15,0.56,0.99,20.9,16.2,10.3,26.5,0.69,0.34,1.03,0.53,0.87,Matches
428,Mohammed Salisu\0b33f6ad,gh GHA,DF,Southampton,23-030,1999,32,31,2792,31.0,0,0,0,0,0,10,1,0.00,0.00,0.00,0.00,0.00,1.8,1.8,0.5,2.3,0.06,0.02,0.07,0.06,0.07,Matches
429,Albert Sambi Lokonga\1b4f1169,be BEL,MF,Arsenal,22-207,1999,18,12,1106,12.3,0,0,0,0,0,5,0,0.00,0.00,0.00,0.00,0.00,0.6,0.6,0.7,1.3,0.05,0.06,0.11,0.05,0.11,Matches
430,Davinson Sánchez\da7b447d,co COL,DF,Tottenham,25-339,1996,22,16,1541,17.1,2,0,2,0,0,4,0,0.12,0.00,0.12,0.12,0.12,2.1,2.1,0.4,2.5,0.12,0.02,0.14,0.12,0.14,Matches
431,Robert Sánchez\6a713852,es ESP,GK,Brighton,24-180,1997,36,36,3239,36.0,0,0,0,0,0,3,1,0.00,0.00,0.00,0.00,0.00,0.0,0.0,0.4,0.4,0.00,0.01,0.01,0.00,0.01,Matches
432,Jadon Sancho\dbf053da,eng ENG,FWMF,Manchester Utd,22-053,2000,29,20,1900,21.1,3,3,3,0,0,0,0,0.14,0.14,0.28,0.14,0.28,3.3,3.3,4.2,7.5,0.16,0.20,0.36,0.16,0.36,Matches
433,Morgan Sanson\6e7f1353,fr FRA,MF,Aston Villa,27-272,1994,10,3,356,4.0,0,0,0,0,0,0,0,0.00,0.00,0.00,0.00,0.00,0.0,0.0,0.0,0.0,0.00,0.00,0.01,0.00,0.01,Matches
434,Samir Santos\92b4758e,br BRA,DF,Watford,27-163,1994,18,18,1583,17.6,0,0,0,0,0,4,0,0.00,0.00,0.00,0.00,0.00,0.3,0.3,0.1,0.4,0.02,0.01,0.03,0.02,0.03,Matches
435,Josh Sargent\a8d4428b,us USA,FWMF,Norwich City,22-086,2000,26,18,1572,17.5,2,1,2,0,0,1,0,0.11,0.06,0.17,0.11,0.17,2.7,2.7,0.7,3.5,0.16,0.04,0.20,0.16,0.20,Matches
436,Jeremy Sarmiento\ac0d576d,ec ECU,FWMF,Brighton,19-335,2002,5,1,48,0.5,0,0,0,0,0,0,0,0.00,0.00,0.00,0.00,0.00,0.0,0.0,0.0,0.0,0.00,0.00,0.00,0.00,0.00,Matches
437,Ismaila Sarr\bfdb33aa,sn SEN,FWMF,Watford,24-081,1998,22,21,1861,20.7,5,2,5,0,1,2,0,0.24,0.10,0.34,0.24,0.34,4.2,3.5,2.5,6.0,0.20,0.12,0.33,0.17,0.29,Matches
438,Malang Sarr\4315f30d,fr FRA,DF,Chelsea,23-114,1999,7,6,514,5.7,0,0,0,0,0,2,0,0.00,0.00,0.00,0.00,0.00,0.0,0.0,0.3,0.4,0.01,0.05,0.06,0.01,0.06,Matches
439,Dane Scarlett\21945a9e,eng ENG,MF,Tottenham,18-054,2004,1,0,4,0.0,0,0,0,0,0,0,0,0.00,0.00,0.00,0.00,0.00,0.0,0.0,0.0,0.0,0.00,0.00,0.00,0.00,0.00,Matches
440,Fabian Schär\c8aa95da,ch SUI,DF,Newcastle Utd,30-148,1991,25,25,2158,24.0,2,2,2,0,0,4,0,0.08,0.08,0.17,0.08,0.17,1.3,1.3,0.6,2.0,0.06,0.03,0.08,0.06,0.08,Matches
441,Jeffrey Schlupp\3312f911,gh GHA,MFFW,Crystal Palace,29-145,1992,30,18,1688,18.8,4,1,4,0,0,1,0,0.21,0.05,0.27,0.21,0.27,2.8,2.8,1.6,4.4,0.15,0.08,0.23,0.15,0.23,Matches
442,Kasper Schmeichel\53af52f3,dk DEN,GK,Leicester City,35-193,1986,35,35,3150,35.0,0,0,0,0,0,2,0,0.00,0.00,0.00,0.00,0.00,0.0,0.0,0.0,0.0,0.00,0.00,0.00,0.00,0.00,Matches
443,Ken Sema\1770bd68,se SWE,MFFW,Watford,28-229,1993,17,6,762,8.5,0,0,0,0,0,1,0,0.00,0.00,0.00,0.00,0.00,0.1,0.1,1.2,1.2,0.01,0.14,0.14,0.01,0.14,Matches
444,Nélson Semedo\d04b94db,pt POR,DF,Wolves,28-182,1993,25,25,2131,23.7,0,1,0,0,0,1,0,0.00,0.04,0.04,0.00,0.04,1.4,1.4,1.2,2.6,0.06,0.05,0.11,0.06,0.11,Matches
445,Ryan Sessegnon\6aa3e78b,eng ENG,DF,Tottenham,21-364,2000,14,12,957,10.6,0,2,0,0,0,2,0,0.00,0.19,0.19,0.00,0.19,0.4,0.4,2.9,3.3,0.04,0.27,0.31,0.04,0.31,Matches
446,Jamie Shackleton\8d03ca5a,eng ENG,DFMF,Leeds United,22-221,1999,14,7,709,7.9,0,0,0,0,0,4,0,0.00,0.00,0.00,0.00,0.00,0.2,0.2,0.0,0.2,0.02,0.01,0.03,0.02,0.03,Matches
447,Luke Shaw\9c94165b,eng ENG,DF,Manchester Utd,26-309,1995,20,19,1601,17.8,0,3,0,0,0,8,0,0.00,0.17,0.17,0.00,0.17,0.2,0.2,3.2,3.4,0.01,0.18,0.19,0.01,0.19,Matches
448,Jonjo Shelvey\3727dd3c,eng ENG,MF,Newcastle Utd,30-079,1992,24,22,1983,22.0,2,1,2,0,0,7,1,0.09,0.05,0.14,0.09,0.14,0.9,0.9,0.8,1.7,0.04,0.04,0.08,0.04,0.08,Matches
449,Francisco Sierralta\0f933743,cl CHI,DF,Watford,25-011,1997,5,5,427,4.7,0,0,0,0,0,0,0,0.00,0.00,0.00,0.00,0.00,0.0,0.0,0.0,0.0,0.01,0.00,0.01,0.01,0.01,Matches
450,Bernardo Silva\3eb22ec9,pt POR,MFFW,Manchester City,27-280,1994,34,32,2790,31.0,8,4,8,0,0,6,0,0.26,0.13,0.39,0.26,0.39,6.8,6.8,5.1,11.9,0.22,0.17,0.39,0.22,0.39,Matches
451,Fábio Silva\e7aa9d7c,pt POR,FW,Wolves,19-302,2002,22,6,572,6.4,0,0,0,0,0,0,0,0.00,0.00,0.00,0.00,0.00,2.3,2.3,0.2,2.4,0.36,0.02,0.38,0.36,0.38,Matches
452,Thiago Silva\86e7deaf,br BRA,DF,Chelsea,37-237,1984,30,26,2470,27.4,3,0,3,0,0,2,0,0.11,0.00,0.11,0.11,0.11,0.8,0.8,0.2,1.1,0.03,0.01,0.04,0.03,0.04,Matches
453,Ellis Simms\26d3b5be,eng ENG,FW,Everton,21-132,2001,1,1,61,0.7,0,0,0,0,0,0,0,0.00,0.00,0.00,0.00,0.00,0.0,0.0,0.0,0.0,0.00,0.00,0.00,0.00,0.00,Matches
454,Moussa Sissoko\2acd49b9,fr FRA,MF,Watford,32-274,1989,35,35,3130,34.8,2,1,2,0,0,5,0,0.06,0.03,0.09,0.06,0.09,3.4,3.4,2.8,6.2,0.10,0.08,0.18,0.10,0.18,Matches
455,Oliver Skipp\6250083a,eng ENG,MF,Tottenham,21-243,2000,18,14,1350,15.0,0,0,0,0,0,6,0,0.00,0.00,0.00,0.00,0.00,0.2,0.2,0.9,1.1,0.01,0.06,0.07,0.01,0.07,Matches
456,William Smallbone\5e105217,ie IRL,MFFW,Southampton,22-085,2000,3,2,132,1.5,0,0,0,0,0,0,0,0.00,0.00,0.00,0.00,0.00,0.1,0.1,0.1,0.2,0.05,0.06,0.12,0.05,0.12,Matches
457,Emile Smith Rowe\17695062,eng ENG,MFFW,Arsenal,21-293,2000,33,21,1921,21.3,10,2,10,0,0,1,0,0.47,0.09,0.56,0.47,0.56,5.8,5.8,2.2,8.0,0.28,0.11,0.38,0.28,0.38,Matches
458,Cédric Soares\839c14e1,pt POR,DF,Arsenal,30-259,1991,20,15,1396,15.5,0,0,0,0,0,3,0,0.00,0.00,0.00,0.00,0.00,0.4,0.4,1.2,1.6,0.03,0.08,0.11,0.03,0.11,Matches
459,Tomáš Souček\6613c819,cz CZE,MF,West Ham,27-079,1995,34,33,2972,33.0,5,1,5,0,0,2,0,0.15,0.03,0.18,0.15,0.18,4.7,4.3,1.5,5.9,0.14,0.05,0.19,0.13,0.18,Matches
460,Boubakary Soumaré\ae59b359,fr FRA,MF,Leicester City,23-079,1999,19,12,1102,12.2,0,1,0,0,0,0,0,0.00,0.08,0.08,0.00,0.08,0.4,0.4,0.4,0.8,0.03,0.03,0.06,0.03,0.06,Matches
461,Çağlar Söyüncü\21166ff4,tr TUR,DF,Leicester City,25-359,1996,28,28,2497,27.7,1,0,1,0,0,5,0,0.04,0.00,0.04,0.04,0.04,1.4,1.4,0.1,1.5,0.05,0.00,0.05,0.05,0.05,Matches
462,Tony Springett\35be8087,eng ENG,MFFW,Norwich City,19-237,2002,2,1,111,1.2,0,0,0,0,0,0,0,0.00,0.00,0.00,0.00,0.00,0.3,0.3,0.4,0.6,0.22,0.29,0.51,0.22,0.51,Matches
463,Jason Steele\28300a16,eng ENG,GK,Brighton,31-272,1990,1,1,90,1.0,0,0,0,0,0,0,0,0.00,0.00,0.00,0.00,0.00,0.0,0.0,0.0,0.0,0.00,0.00,0.00,0.00,0.00,Matches
464,Jed Steer\a8a3d139,eng ENG,GK,Aston Villa,29-236,1992,1,1,90,1.0,0,0,0,0,0,0,0,0.00,0.00,0.00,0.00,0.00,0.0,0.0,0.0,0.0,0.00,0.00,0.00,0.00,0.00,Matches
465,Zack Steffen\42130443,us USA,GK,Manchester City,27-045,1995,1,1,90,1.0,0,0,0,0,0,0,0,0.00,0.00,0.00,0.00,0.00,0.0,0.0,0.0,0.0,0.00,0.00,0.00,0.00,0.00,Matches
466,Dale Stephens\653ee42d,eng ENG,MF,Burnley,32-339,1989,3,1,124,1.4,0,0,0,0,0,1,0,0.00,0.00,0.00,0.00,0.00,0.0,0.0,0.0,0.1,0.02,0.03,0.06,0.02,0.06,Matches
467,Jack Stephens\6adbc307,eng ENG,DF,Southampton,28-110,1994,9,7,631,7.0,0,0,0,0,0,2,0,0.00,0.00,0.00,0.00,0.00,0.0,0.0,0.3,0.3,0.00,0.04,0.04,0.00,0.04,Matches
468,Raheem Sterling\b400bde0,eng ENG,FW,Manchester City,27-160,1994,29,23,2093,23.3,13,4,11,2,3,1,0,0.56,0.17,0.73,0.47,0.65,14.5,12.0,4.1,16.1,0.62,0.18,0.80,0.52,0.69,Matches
469,Finley Stevens\7e003182,wls WAL,DF,Brentford,19-037,2003,1,0,15,0.2,0,0,0,0,0,0,0,0.00,0.00,0.00,0.00,0.00,0.0,0.0,0.0,0.0,0.00,0.25,0.25,0.00,0.25,Matches
470,John Stones\5eecec3d,eng ENG,DF,Manchester City,27-354,1994,13,11,1029,11.4,1,0,1,0,0,0,0,0.09,0.00,0.09,0.09,0.09,0.9,0.9,0.1,1.0,0.08,0.01,0.09,0.08,0.09,Matches
471,Pascal Struijk\f4d296e4,nl NED,DF,Leeds United,22-279,1999,28,22,2035,22.6,1,0,1,0,0,6,1,0.04,0.00,0.04,0.04,0.04,1.3,1.3,0.2,1.5,0.06,0.01,0.07,0.06,0.07,Matches
472,Crysencio Summerville\df04eb4b,nl NED,MFFW,Leeds United,20-199,2001,6,0,130,1.4,0,0,0,0,0,0,0,0.00,0.00,0.00,0.00,0.00,0.3,0.3,0.1,0.3,0.18,0.03,0.21,0.18,0.21,Matches
473,Jakob Sørensen\953c30b0,dk DEN,MFDF,Norwich City,24-075,1998,9,5,514,5.7,0,0,0,0,0,0,0,0.00,0.00,0.00,0.00,0.00,0.4,0.4,0.0,0.4,0.07,0.00,0.07,0.07,0.07,Matches
474,Japhet Tanganga\e9971f2d,eng ENG,DF,Tottenham,23-047,1999,11,10,735,8.2,0,0,0,0,0,4,1,0.00,0.00,0.00,0.00,0.00,0.4,0.4,0.4,0.7,0.05,0.05,0.09,0.05,0.09,Matches
475,Matt Targett\e514ab62,eng ENG,DF,Newcastle Utd,26-241,1995,15,15,1350,15.0,0,0,0,0,0,1,0,0.00,0.00,0.00,0.00,0.00,0.3,0.3,1.3,1.6,0.02,0.09,0.11,0.02,0.11,Matches
476,Matt Targett\e514ab62,eng ENG,DF,Aston Villa,26-241,1995,17,17,1431,15.9,1,1,1,0,0,2,0,0.06,0.06,0.13,0.06,0.13,0.5,0.5,2.2,2.7,0.03,0.14,0.17,0.03,0.17,Matches
477,James Tarkowski\15ea812b,eng ENG,DF,Burnley,29-179,1992,33,33,2926,32.5,1,2,1,0,0,10,0,0.03,0.06,0.09,0.03,0.09,1.9,1.9,0.6,2.5,0.06,0.02,0.08,0.06,0.08,Matches
478,Nuno Tavares\a65c844b,pt POR,DF,Arsenal,22-111,2000,21,12,1086,12.1,1,1,1,0,0,2,0,0.08,0.08,0.17,0.08,0.17,1.3,1.3,1.0,2.3,0.12,0.09,0.20,0.12,0.20,Matches
479,Charlie Taylor\cc2d7ad5,eng ENG,DF,Burnley,28-241,1993,29,28,2551,28.3,0,3,0,0,0,3,0,0.00,0.11,0.11,0.00,0.11,0.2,0.2,3.2,3.4,0.01,0.11,0.12,0.01,0.12,Matches
480,Nathan Tella\f1e94cd6,eng ENG,MFFW,Southampton,22-316,1999,13,9,734,8.2,0,0,0,0,0,1,0,0.00,0.00,0.00,0.00,0.00,0.5,0.5,0.7,1.2,0.06,0.09,0.15,0.06,0.15,Matches
481,Alex Telles\e73c9bb2,br BRA,DF,Manchester Utd,29-153,1992,20,17,1570,17.4,0,4,0,0,0,1,0,0.00,0.23,0.23,0.00,0.23,0.4,0.4,1.8,2.2,0.02,0.10,0.13,0.02,0.13,Matches
482,Luke Thomas\fc027d02,eng ENG,DF,Leicester City,20-341,2001,21,20,1822,20.2,0,1,0,0,0,2,0,0.00,0.05,0.05,0.00,0.05,0.2,0.2,1.6,1.8,0.01,0.08,0.09,0.01,0.09,Matches
483,Dominic Thompson\235a62f8,eng ENG,DF,Brentford,21-295,2000,2,2,146,1.6,0,0,0,0,0,0,0,0.00,0.00,0.00,0.00,0.00,0.0,0.0,0.0,0.0,0.01,0.00,0.01,0.01,0.01,Matches
484,Youri Tielemans\56f7a928,be BEL,MF,Leicester City,25-010,1997,31,28,2541,28.2,6,4,4,2,2,3,0,0.21,0.14,0.35,0.14,0.28,4.6,3.0,4.9,7.9,0.16,0.17,0.33,0.11,0.28,Matches
485,Kieran Tierney\fce2302c,sct SCO,DF,Arsenal,24-346,1997,22,22,1915,21.3,1,3,1,0,0,0,0,0.05,0.14,0.19,0.05,0.19,0.7,0.7,1.9,2.6,0.03,0.09,0.12,0.03,0.12,Matches
486,Takehiro Tomiyasu\b3af9be1,jp JPN,DF,Arsenal,23-193,1998,21,20,1679,18.7,0,1,0,0,0,2,0,0.00,0.05,0.05,0.00,0.05,0.6,0.6,0.6,1.3,0.04,0.03,0.07,0.04,0.07,Matches
487,James Tomkins\e7ca0439,eng ENG,DF,Crystal Palace,33-049,1989,8,6,547,6.1,1,0,1,0,0,2,0,0.16,0.00,0.16,0.16,0.16,0.6,0.6,0.4,0.9,0.09,0.06,0.15,0.09,0.15,Matches
488,Ivan Toney\e09f279b,eng ENG,FW,Brentford,26-062,1996,32,31,2819,31.3,12,5,7,5,5,7,0,0.38,0.16,0.54,0.22,0.38,11.8,8.0,5.8,13.9,0.38,0.19,0.56,0.26,0.44,Matches
489,Ferrán Torres\9e1035f8,es ESP,FW,Manchester City,22-077,2000,4,4,303,3.4,2,1,2,0,0,0,0,0.59,0.30,0.89,0.59,0.89,2.5,2.5,0.0,2.5,0.74,0.01,0.75,0.74,0.75,Matches
490,Cenk Tosun\9a104dee,tr TUR,FW,Everton,30-344,1991,1,0,7,0.1,0,0,0,0,0,0,0,0.00,0.00,0.00,0.00,0.00,0.0,0.0,0.0,0.0,0.00,0.00,0.00,0.00,0.00,Matches
491,Andros Townsend\b28bbd58,eng ENG,MF,Everton,30-305,1991,21,17,1455,16.2,3,2,2,1,1,3,0,0.19,0.12,0.31,0.12,0.25,2.3,1.5,2.4,3.9,0.14,0.15,0.29,0.09,0.24,Matches
492,Adama Traoré\9a28eba4,es ESP,FW,Wolves,26-112,1996,20,10,1067,11.9,1,0,1,0,0,0,0,0.08,0.00,0.08,0.08,0.08,2.4,2.4,1.7,4.1,0.20,0.15,0.35,0.20,0.35,Matches
493,Bertrand Traoré\c47541e0,bf BFA,FWMF,Aston Villa,26-253,1995,8,1,186,2.1,0,0,0,0,0,0,0,0.00,0.00,0.00,0.00,0.00,0.2,0.2,0.0,0.2,0.11,0.00,0.11,0.11,0.11,Matches
494,Trézéguet\3ae14ed1,eg EGY,FW,Aston Villa,27-228,1994,1,0,11,0.1,0,0,0,0,0,0,0,0.00,0.00,0.00,0.00,0.00,0.1,0.1,0.0,0.1,0.51,0.00,0.51,0.51,0.51,Matches
495,Francisco Trincão\77e39b04,pt POR,FWMF,Wolves,22-139,1999,27,16,1335,14.8,2,1,2,0,0,0,0,0.13,0.07,0.20,0.13,0.20,3.4,3.4,1.2,4.6,0.23,0.08,0.31,0.23,0.31,Matches
496,Kieran Trippier\21512407,eng ENG,DF,Newcastle Utd,31-240,1990,5,4,339,3.8,2,0,2,0,0,0,0,0.53,0.00,0.53,0.53,0.53,0.1,0.1,0.4,0.6,0.03,0.11,0.15,0.03,0.15,Matches
497,William Troost-Ekong\7ed4921e,ng NGA,DF,Watford,28-258,1993,17,15,1390,15.4,0,0,0,0,0,3,0,0.00,0.00,0.00,0.00,0.00,0.1,0.1,0.1,0.2,0.01,0.01,0.01,0.01,0.01,Matches
498,Leandro Trossard\38ceb24a,be BEL,FWMF,Brighton,27-164,1994,34,32,2805,31.2,8,3,7,1,1,2,0,0.26,0.10,0.35,0.22,0.32,6.7,6.0,4.1,10.0,0.22,0.13,0.35,0.19,0.32,Matches
499,Kostas Tsimikas\f315ca93,gr GRE,DF,Liverpool,26-005,1996,12,8,787,8.7,0,2,0,0,0,3,0,0.00,0.23,0.23,0.00,0.23,0.5,0.5,2.1,2.6,0.06,0.24,0.30,0.06,0.30,Matches
500,Axel Tuanzebe\2baec6ce,eng ENG,DF,Aston Villa,24-184,1997,9,6,508,5.6,0,0,0,0,0,1,0,0.00,0.00,0.00,0.00,0.00,0.2,0.2,0.0,0.2,0.03,0.00,0.03,0.03,0.03,Matches
501,Ozan Tufan\17d45fb2,tr TUR,MF,Watford,27-055,1995,7,4,334,3.7,0,0,0,0,0,0,0,0.00,0.00,0.00,0.00,0.00,0.5,0.5,0.2,0.8,0.14,0.07,0.20,0.14,0.20,Matches
502,Christos Tzolis\9f333379,gr GRE,FWMF,Norwich City,20-107,2002,14,3,336,3.7,0,0,0,0,0,0,0,0.00,0.00,0.00,0.00,0.00,0.5,0.5,1.0,1.4,0.13,0.26,0.38,0.13,0.38,Matches
503,Yan Valery\531a4aa8,fr FRA,DF,Southampton,23-084,1999,5,3,370,4.1,0,0,0,0,0,0,0,0.00,0.00,0.00,0.00,0.00,0.0,0.0,0.1,0.1,0.01,0.02,0.03,0.01,0.03,Matches
504,Raphaël Varane\9f8e9423,fr FRA,DF,Manchester Utd,29-022,1993,22,20,1831,20.3,1,1,1,0,0,0,0,0.05,0.05,0.10,0.05,0.10,0.9,0.9,0.3,1.1,0.04,0.01,0.05,0.04,0.05,Matches
505,Jamie Vardy\45963054,eng ENG,FW,Leicester City,35-126,1987,23,18,1639,18.2,14,2,14,0,0,2,0,0.77,0.11,0.88,0.77,0.88,8.6,8.6,1.6,10.2,0.47,0.09,0.56,0.47,0.56,Matches
506,Joël Veltman\dad4b285,nl NED,DF,Brighton,30-122,1992,33,32,2784,30.9,0,1,0,0,0,6,0,0.00,0.03,0.03,0.00,0.03,0.7,0.7,1.1,1.8,0.02,0.04,0.06,0.02,0.06,Matches
507,Jannik Vestergaard\1900032e,dk DEN,DF,Leicester City,29-287,1992,10,6,567,6.3,0,0,0,0,0,2,0,0.00,0.00,0.00,0.00,0.00,0.1,0.1,0.0,0.1,0.01,0.01,0.01,0.01,0.01,Matches
508,Nikola Vlašić\aa8e289e,hr CRO,FWMF,West Ham,24-225,1997,19,6,560,6.2,1,0,1,0,0,0,0,0.16,0.00,0.16,0.16,0.16,1.0,1.0,0.4,1.4,0.16,0.07,0.23,0.16,0.23,Matches
509,Matěj Vydra\0d4ceb32,cz CZE,FW,Burnley,30-016,1992,22,5,679,7.5,2,3,2,0,0,1,0,0.27,0.40,0.66,0.27,0.66,3.0,3.0,0.6,3.6,0.40,0.08,0.48,0.40,0.48,Matches
510,Theo Walcott\1ecb65be,eng ENG,MFFW,Southampton,33-062,1989,9,5,379,4.2,0,0,0,0,0,0,0,0.00,0.00,0.00,0.00,0.00,0.7,0.7,0.0,0.7,0.17,0.01,0.18,0.17,0.18,Matches
511,Kyle Walker\86dd77d1,eng ENG,DF,Manchester City,31-354,1990,20,20,1755,19.5,0,2,0,0,0,1,0,0.00,0.10,0.10,0.00,0.10,0.3,0.3,1.2,1.4,0.01,0.06,0.07,0.01,0.07,Matches
512,Kyle Walker-Peters\984a5a64,eng ENG,DF,Southampton,25-034,1997,30,27,2453,27.3,1,2,1,0,0,5,0,0.04,0.07,0.11,0.04,0.11,1.0,1.0,2.8,3.7,0.04,0.10,0.14,0.04,0.14,Matches
513,Aaron Wan-Bissaka\9e525177,eng ENG,DF,Manchester Utd,24-172,1997,20,20,1793,19.9,0,0,0,0,0,2,0,0.00,0.00,0.00,0.00,0.00,0.2,0.2,0.9,1.1,0.01,0.05,0.06,0.01,0.06,Matches
514,Danny Ward\d3ce0e89,wls WAL,GK,Leicester City,28-329,1993,1,1,90,1.0,0,0,0,0,0,0,0,0.00,0.00,0.00,0.00,0.00,0.0,0.0,0.0,0.0,0.00,0.00,0.00,0.00,0.00,Matches
515,Joel Ward\8a7ff278,eng ENG,DF,Crystal Palace,32-200,1989,27,26,2397,26.6,0,0,0,0,0,8,0,0.00,0.00,0.00,0.00,0.00,0.3,0.3,0.6,0.9,0.01,0.02,0.03,0.01,0.03,Matches
516,James Ward-Prowse\3515d404,eng ENG,MF,Southampton,27-197,1994,34,34,3035,33.7,9,5,6,3,3,3,1,0.27,0.15,0.42,0.18,0.33,4.5,2.2,6.2,8.4,0.13,0.18,0.32,0.07,0.25,Matches
517,Ollie Watkins\aed3a70f,eng ENG,FW,Aston Villa,26-138,1995,33,31,2785,30.9,11,1,10,1,1,7,0,0.36,0.03,0.39,0.32,0.36,12.1,11.3,2.8,14.1,0.39,0.09,0.48,0.37,0.45,Matches
518,Adam Webster\c40b6180,eng ENG,DF,Brighton,27-133,1995,21,15,1344,14.9,2,0,2,0,0,5,0,0.13,0.00,0.13,0.13,0.13,1.0,1.0,0.1,1.1,0.07,0.00,0.07,0.07,0.07,Matches
519,Wout Weghorst\c4e87b8b,nl NED,FW,Burnley,29-283,1992,18,17,1385,15.4,2,3,2,0,0,3,0,0.13,0.19,0.32,0.13,0.32,2.9,2.9,1.4,4.3,0.19,0.09,0.28,0.19,0.28,Matches
520,Danny Welbeck\ce5143da,eng ENG,FW,Brighton,31-172,1990,24,14,1388,15.4,5,1,5,0,0,0,0,0.32,0.06,0.39,0.32,0.39,5.5,5.5,0.7,6.2,0.36,0.04,0.40,0.36,0.40,Matches
521,Timo Werner\49fe9070,de GER,FWMF,Chelsea,26-072,1996,21,15,1283,14.3,4,1,4,0,0,1,0,0.28,0.07,0.35,0.28,0.35,7.6,7.6,0.4,8.0,0.53,0.03,0.56,0.53,0.56,Matches
522,Ashley Westwood\495945ef,eng ENG,MF,Burnley,32-046,1990,27,26,2287,25.4,0,3,0,0,0,7,0,0.00,0.12,0.12,0.00,0.12,0.8,0.8,3.6,4.3,0.03,0.14,0.17,0.03,0.17,Matches
523,Ben White\35e413f1,eng ENG,DF,Arsenal,24-221,1997,32,32,2880,32.0,0,0,0,0,0,3,0,0.00,0.00,0.00,0.00,0.00,1.0,1.0,0.5,1.5,0.03,0.02,0.05,0.03,0.05,Matches
524,Brandon Williams\5e74d6c8,eng ENG,DF,Norwich City,21-256,2000,26,23,2120,23.6,0,1,0,0,0,8,0,0.00,0.04,0.04,0.00,0.04,0.2,0.2,1.3,1.5,0.01,0.05,0.06,0.01,0.06,Matches
525,Neco Williams\dd323728,wls WAL,DF,Liverpool,21-034,2001,1,0,8,0.1,0,1,0,0,0,0,0,0.00,11.25,11.25,0.00,11.25,0.0,0.0,0.6,0.6,0.00,6.50,6.50,0.00,6.50,Matches
526,Joe Willock\a3b03921,eng ENG,MF,Newcastle Utd,22-270,1999,29,24,2038,22.6,2,0,2,0,0,0,0,0.09,0.00,0.09,0.09,0.09,3.6,3.6,1.2,4.8,0.16,0.05,0.21,0.16,0.21,Matches
527,Callum Wilson\c596fcb0,eng ENG,FW,Newcastle Utd,30-079,1992,17,15,1296,14.4,6,0,5,1,1,4,0,0.42,0.00,0.42,0.35,0.35,4.7,3.9,0.4,4.4,0.35,0.03,0.38,0.29,0.33,Matches
528,Harry Winks\2f7acede,eng ENG,MF,Tottenham,26-104,1996,18,9,894,9.9,0,1,0,0,0,2,0,0.00,0.10,0.10,0.00,0.10,0.1,0.1,1.5,1.6,0.01,0.15,0.16,0.01,0.16,Matches
529,Yoane Wissa\2500cef9,cd COD,FWMF,Brentford,25-256,1996,29,11,1194,13.3,7,0,7,0,0,0,0,0.53,0.00,0.53,0.53,0.53,3.4,3.4,0.5,3.9,0.26,0.04,0.29,0.26,0.29,Matches
530,Chris Wood\4e9a0555,nz NZL,FW,Newcastle Utd,30-161,1991,16,15,1308,14.5,2,0,1,1,1,0,0,0.14,0.00,0.14,0.07,0.07,2.9,2.1,1.0,3.1,0.20,0.07,0.26,0.14,0.21,Matches
531,Chris Wood\4e9a0555,nz NZL,FW,Burnley,30-161,1991,17,17,1367,15.2,3,0,3,0,0,1,0,0.20,0.00,0.20,0.20,0.20,4.5,4.5,0.2,4.7,0.30,0.02,0.31,0.30,0.31,Matches
532,Freddie Woodman\19e50035,eng ENG,GK,Newcastle Utd,25-074,1997,4,4,360,4.0,0,0,0,0,0,0,0,0.00,0.00,0.00,0.00,0.00,0.0,0.0,0.0,0.0,0.00,0.00,0.00,0.00,0.00,Matches
533,Granit Xhaka\e61b8aee,ch SUI,MFDF,Arsenal,29-232,1992,26,26,2265,25.2,1,2,1,0,0,10,1,0.04,0.08,0.12,0.04,0.12,1.2,1.2,2.1,3.3,0.05,0.09,0.14,0.05,0.14,Matches
534,Andriy Yarmolenko\849c826a,ua UKR,FW,West Ham,32-206,1989,18,1,306,3.4,1,0,1,0,0,1,0,0.29,0.00,0.29,0.29,0.29,0.8,0.8,0.2,1.0,0.25,0.05,0.30,0.25,0.30,Matches
535,Ashley Young\be927d03,eng ENG,DFFW,Aston Villa,36-312,1985,23,10,1247,13.9,0,2,0,0,0,2,0,0.00,0.14,0.14,0.00,0.14,0.4,0.4,0.7,1.1,0.03,0.05,0.08,0.03,0.08,Matches
536,Nathan Young-Coombes\f9682888,eng ENG,FW,Brentford,19-122,2003,1,0,4,0.0,0,0,0,0,0,0,0,0.00,0.00,0.00,0.00,0.00,0.0,0.0,0.0,0.0,0.00,0.00,0.00,0.00,0.00,Matches
537,Wilfried Zaha\b2bc3b1f,ci CIV,FW,Crystal Palace,29-188,1992,31,29,2580,28.7,13,1,8,5,7,5,1,0.45,0.03,0.49,0.28,0.31,9.2,3.8,4.7,8.5,0.32,0.16,0.48,0.13,0.29,Matches
538,Christoph Zimmermann\2d5f03bf,de GER,DF,Norwich City,29-125,1993,2,2,102,1.1,0,0,0,0,0,0,0,0.00,0.00,0.00,0.00,0.00,0.0,0.0,0.0,0.0,0.04,0.00,0.04,0.04,0.04,Matches
539,Oleksandr Zinchenko\51cf8561,ua UKR,DF,Manchester City,25-153,1996,14,10,1002,11.1,0,3,0,0,0,0,0,0.00,0.27,0.27,0.00,0.27,0.4,0.4,1.8,2.2,0.04,0.16,0.20,0.04,0.20,Matches
540,Hakim Ziyech\6622454d,ma MAR,FWMF,Chelsea,29-059,1993,21,12,1139,12.7,4,3,4,0,0,3,0,0.32,0.24,0.55,0.32,0.55,3.1,3.1,3.2,6.3,0.25,0.25,0.49,0.25,0.49,Matches
541,Kurt Zouma\ce4246f5,fr FRA,DF,West Ham,27-202,1994,23,23,1988,22.1,1,0,1,0,0,1,0,0.05,0.00,0.05,0.05,0.05,0.9,0.9,0.0,0.9,0.04,0.00,0.04,0.04,0.04,Matches
542,Martin Ødegaard\79300479,no NOR,MF,Arsenal,23-151,1998,35,31,2695,29.9,6,4,6,0,0,4,0,0.20,0.13,0.33,0.20,0.33,4.6,4.6,6.3,10.9,0.16,0.22,0.38,0.16,0.38,Matches